0 0.688281 0.04375 0.0296875 0.0430556
0 0.248828 0.867361 0.0257812 0.0458333
0 0.730469 0.990972 0.0296875 0.0180556
0 0.558203 0.377778 0.0304688 0.0444444
0 0.392969 0.33125 0.025 0.0375
0 0.00625 0.543056 0.0125 0.05
0 0.668359 0.958333 0.0273438 0.0416667
0 0.669141 0.826389 0.0320312 0.0527778
0 0.748047 0.670139 0.0289063 0.0430556
0 0.719922 0.788194 0.0289063 0.0430556
0 0.645312 0.261806 0.0265625 0.0402778
0 0.321094 0.518056 0.028125 0.0472222
0 0.674609 0.365278 0.0335938 0.05
0 0.858984 0.140278 0.0273438 0.0416667
0 0.735156 0.501389 0.034375 0.0555556
0 0.194141 0.583333 0.0273438 0.0416667
0 0.464453 0.754861 0.0304688 0.0486111
0 0.321484 0.399306 0.0257812 0.0458333
0 0.844141 0.533333 0.0289063 0.0416667
0 0.0632813 0.640972 0.028125 0.0458333
0 0.359766 0.424306 0.0289063 0.0513889
0 0.901953 0.899306 0.0335938 0.0541667
0 0.346875 0.922222 0.025 0.0416667
0 0.441406 0.6 0.028125 0.0444444
0 0.782422 0.443056 0.0320312 0.05
0 0.546875 0.158333 0.0296875 0.0416667
0 0.412891 0.774306 0.0304688 0.0513889
0 0.923437 0.4875 0.0328125 0.05
0 0.486328 0.600694 0.0289063 0.0430556
0 0.821094 0.196528 0.0296875 0.0541667
0 0.707031 0.240278 0.03125 0.0527778
0 0.288672 0.577778 0.0304688 0.0527778
0 0.493359 0.554861 0.0320312 0.0458333
0 0.781641 0.893056 0.0304688 0.05
0 0.746094 0.810417 0.034375 0.0541667
0 0.0839844 0.131944 0.0226563 0.0388889
0 0.977734 0.538194 0.0320312 0.0513889
0 0.629297 0.875 0.0320312 0.05
0 0.0726563 0.713194 0.028125 0.0458333
0 0.889844 0.445139 0.0328125 0.0513889
0 0.0800781 0.211111 0.0273438 0.0416667
0 0.70625 0.582639 0.028125 0.0402778
0 0.273438 0.864583 0.028125 0.0458333
0 0.378125 0.291667 0.03125 0.0416667
0 0.418359 0.1375 0.0289063 0.0444444
0 0.172266 0.4875 0.0273438 0.0444444
0 0.365625 0.0340278 0.0296875 0.0430556
0 0.421484 0.411111 0.0304688 0.0444444
0 0.327344 0.71875 0.03125 0.0458333
0 0.123438 0.902083 0.0265625 0.0430556
0 0.0976562 0.544444 0.0265625 0.0416667
