0 0.995703 0.588194 0.00859375 0.0513889
0 0.108594 0.128472 0.0265625 0.0402778
0 0.189844 0.988889 0.0328125 0.0194444
0 0.996094 0.511111 0.0078125 0.0555556
0 0.3125 0.449306 0.028125 0.0430556
0 0.844922 0.0472222 0.0335938 0.0444444
0 0.133984 0.990278 0.0273438 0.0194444
0 0.823047 0.979167 0.0304688 0.0416667
0 0.498437 0.0333333 0.028125 0.0472222
0 0.276172 0.0486111 0.0289063 0.0472222
0 0.3625 0.446528 0.03125 0.0513889
0 0.266016 0.322222 0.0273438 0.0416667
0 0.783203 0.593056 0.0367187 0.0583333
0 0.137109 0.166667 0.0289063 0.0472222
0 0.848828 0.517361 0.0351562 0.0541667
0 0.112109 0.347222 0.0320312 0.0472222
0 0.623047 0.608333 0.0382813 0.0583333
0 0.966406 0.923611 0.0265625 0.0444444
0 0.09375 0.811111 0.0265625 0.0444444
0 0.871484 0.679861 0.0304688 0.0458333
0 0.296094 0.41875 0.028125 0.0458333
0 0.521094 0.177778 0.028125 0.0416667
0 0.626953 0.245833 0.0320312 0.0555556
0 0.234375 0.354167 0.0265625 0.0472222
0 0.459375 0.0694444 0.03125 0.0527778
0 0.0300781 0.496528 0.0257812 0.0486111
0 0.779688 0.963194 0.0328125 0.0513889
0 0.930859 0.6625 0.0304688 0.05
0 0.521484 0.244444 0.0320312 0.0472222
0 0.445312 0.243056 0.0296875 0.0444444
0 0.362109 0.209722 0.0304688 0.0416667
0 0.171875 0.113889 0.0296875 0.0472222
0 0.119141 0.960417 0.0273438 0.0402778
0 0.890625 0.260417 0.028125 0.0402778
0 0.484766 0.847222 0.0273438 0.0416667
0 0.466406 0.161806 0.03125 0.0486111
0 0.137109 0.417361 0.0289063 0.0513889
0 0.772656 0.182639 0.0296875 0.0402778
0 0.654297 0.945139 0.0289063 0.0486111
0 0.8 0.389583 0.03125 0.0430556
0 0.211719 0.409028 0.0296875 0.0513889
0 0.685156 0.857639 0.03125 0.0513889
0 0.0582031 0.859028 0.0242187 0.0430556
0 0.176563 0.741667 0.0296875 0.0472222
