0 0.840625 0.233333 0.0328125 0.05
0 0.0445312 0.700694 0.025 0.0347222
0 0.957422 0.665278 0.0335938 0.0583333
0 0.817969 0.23125 0.0296875 0.0513889
0 0.201172 0.108333 0.0289063 0.0416667
0 0.835547 0.102083 0.0257812 0.0375
0 0.489062 0.257639 0.028125 0.0486111
0 0.954687 0.6875 0.03125 0.05
0 0.991406 0.170139 0.0171875 0.0486111
0 0.558203 0.288889 0.0351562 0.0611111
0 0.3 0.075 0.0296875 0.0444444
0 0.851172 0.410417 0.0320312 0.0430556
0 0.251563 0.210417 0.028125 0.0402778
0 0.868359 0.138194 0.0304688 0.0513889
0 0.695703 0.777083 0.0304688 0.0458333
0 0.857422 0.0895833 0.0289063 0.0513889
0 0.0480469 0.0736111 0.0289063 0.0472222
0 0.785937 0.431944 0.0296875 0.0583333
0 0.466406 0.271528 0.0296875 0.0541667
0 0.805859 0.500694 0.0320312 0.0458333
0 0.512891 0.5875 0.0289063 0.0444444
0 0.258203 0.269444 0.0273438 0.0388889
0 0.98125 0.427083 0.034375 0.0625
0 0.930078 0.934722 0.0273438 0.0444444
0 0.0539063 0.680556 0.025 0.0416667
0 0.960547 0.646528 0.0320312 0.0458333
0 0.149219 0.650694 0.0265625 0.0458333
0 0.892969 0.598611 0.03125 0.05
0 0.146875 0.263889 0.0265625 0.0444444
0 0.730078 0.429861 0.0289063 0.0486111
0 0.211719 0.228472 0.0296875 0.0430556
0 0.147656 0.853472 0.025 0.0402778
0 0.660547 0.94375 0.0304688 0.0486111
0 0.864062 0.809028 0.0265625 0.0375
0 0.721094 0.664583 0.028125 0.0402778
0 0.205078 0.563889 0.0273438 0.0444444
0 0.526563 0.131944 0.0328125 0.0527778
0 0.658984 0.254167 0.0304688 0.0416667
0 0.0921875 0.970833 0.0296875 0.05
0 0.196875 0.716667 0.0296875 0.0472222
0 0.290234 0.547222 0.0289063 0.0472222
