0 0.389453 0.0201389 0.0382813 0.0402778
0 0.188672 0.209028 0.0289063 0.0430556
0 0.827734 0.148611 0.0382813 0.0472222
0 0.9875 0.572917 0.0234375 0.0430556
0 0.476172 0.979861 0.0382813 0.0375
0 0.824219 0.738194 0.034375 0.0458333
0 0.313672 0.420139 0.0289063 0.0430556
0 0.114844 0.938194 0.0234375 0.0347222
0 0.221484 0.950694 0.0273438 0.0458333
0 0.139844 0.452083 0.0265625 0.0375
0 0.122656 0.608333 0.0265625 0.0388889
0 0.7 0.440278 0.0375 0.0527778
0 0.0984375 0.0756944 0.025 0.0375
0 0.590234 0.388889 0.0429688 0.0583333
0 0.306641 0.299306 0.0320312 0.0458333
0 0.366797 0.441667 0.0304688 0.05
0 0.631641 0.140972 0.0367187 0.0569444
0 0.318359 0.357639 0.0257812 0.0375
0 0.598437 0.938194 0.0265625 0.0430556
0 0.851172 0.0201389 0.0320312 0.0402778
0 0.903906 0.142361 0.0296875 0.0541667
0 0.0410156 0.856944 0.0273438 0.0416667
0 0.203125 0.797917 0.0265625 0.0347222
0 0.501562 0.80625 0.0265625 0.0430556
0 0.102734 0.490972 0.0273438 0.0402778
0 0.669141 0.9375 0.0304688 0.0555556
0 0.425781 0.440972 0.0328125 0.0541667
0 0.860547 0.911806 0.0335938 0.0486111
0 0.803125 0.538194 0.0296875 0.0513889
0 0.392969 0.551389 0.03125 0.0472222
0 0.848437 0.596528 0.0296875 0.0513889
