0 0.863672 0.815278 0.0226563 0.0388889
0 0.910156 0.00694444 0.0265625 0.0138889
0 0.962891 0.983333 0.0320312 0.0333333
0 0.650781 0.920139 0.0296875 0.0513889
0 0.853125 0.835417 0.03125 0.0486111
0 0.151562 0.958333 0.028125 0.0444444
0 0.633984 0.665278 0.0257812 0.0416667
0 0.991406 0.940972 0.0171875 0.0541667
0 0.765625 0.784028 0.03125 0.0486111
0 0.923828 0.134722 0.0289063 0.0416667
0 0.164062 0.73125 0.0234375 0.0430556
0 0.972656 0.226389 0.0296875 0.05
0 0.0289063 0.347222 0.0265625 0.0444444
0 0.952344 0.70625 0.0296875 0.0458333
0 0.921484 0.315972 0.0335938 0.0513889
0 0.445312 0.313194 0.03125 0.0513889
0 0.684375 0.19375 0.03125 0.0625
0 0.156641 0.280556 0.0257812 0.0444444
0 0.987109 0.363889 0.0257812 0.0611111
0 0.146875 0.743056 0.0265625 0.0416667
0 0.686328 0.70625 0.0304688 0.0486111
0 0.435547 0.482639 0.0304688 0.0486111
0 0.0425781 0.402778 0.0226563 0.0388889
0 0.247266 0.796528 0.0257812 0.0402778
0 0.726562 0.7375 0.03125 0.0472222
0 0.201172 0.960417 0.0304688 0.0430556
0 0.485156 0.309028 0.028125 0.0458333
0 0.344141 0.281944 0.0289063 0.0444444
0 0.335547 0.330556 0.0289063 0.0444444
0 0.493359 0.472917 0.0320312 0.0486111
0 0.502344 0.559722 0.0296875 0.0444444
0 0.179688 0.8 0.0265625 0.0472222
0 0.102344 0.204861 0.0265625 0.0430556
0 0.597266 0.793056 0.0320312 0.0472222
0 0.752734 0.982639 0.0304688 0.0347222
0 0.456641 0.886111 0.0304688 0.0444444
0 0.533203 0.7875 0.0304688 0.0416667
0 0.860937 0.522222 0.03125 0.0472222
0 0.0652344 0.48125 0.0242187 0.0402778
0 0.122266 0.116667 0.0273438 0.05
0 0.315625 0.167361 0.028125 0.0430556
0 0.851953 0.657639 0.0320312 0.0486111
0 0.267188 0.451389 0.0296875 0.0444444
0 0.451562 0.115972 0.028125 0.0458333
0 0.208984 0.136806 0.0289063 0.0430556
0 0.330469 0.901389 0.0296875 0.0416667
0 0.552734 0.739583 0.0320312 0.0458333
0 0.415234 0.979861 0.0304688 0.0402778
0 0.423047 0.814583 0.0304688 0.0430556
0 0.441016 0.0201389 0.0304688 0.0402778
