0 0.0148437 0.300694 0.025 0.0402778
0 0.580078 0.673611 0.0382813 0.0694444
0 0.169141 0.735417 0.0273438 0.0375
0 0.108203 0.469444 0.0304688 0.0472222
0 0.13125 0.944444 0.0296875 0.0472222
0 0.978125 0.309722 0.0328125 0.0416667
0 0.273828 0.272222 0.0273438 0.0388889
0 0.537109 0.273611 0.0351562 0.0583333
0 0.365234 0.738889 0.0320312 0.0583333
0 0.801953 0.878472 0.0320312 0.0486111
0 0.630469 0.663889 0.034375 0.0611111
0 0.913672 0.481944 0.0304688 0.0472222
0 0.758594 0.917361 0.034375 0.0513889
0 0.951563 0.564583 0.03125 0.0458333
0 0.880859 0.492361 0.0304688 0.0430556
0 0.691406 0.523611 0.034375 0.05
0 0.888672 0.86875 0.0320312 0.0486111
0 0.260938 0.736111 0.03125 0.0583333
0 0.141797 0.354167 0.0304688 0.0527778
0 0.601953 0.96875 0.0335938 0.0486111
0 0.269531 0.235417 0.028125 0.0458333
0 0.982031 0.485417 0.0296875 0.0402778
0 0.0867188 0.856944 0.0265625 0.0444444
0 0.321484 0.267361 0.0304688 0.0486111
0 0.575391 0.50625 0.0367187 0.0513889
0 0.269141 0.479167 0.0320312 0.05
0 0.408984 0.502083 0.0304688 0.0430556
0 0.452734 0.590972 0.0304688 0.0458333
0 0.878125 0.627083 0.0328125 0.0458333
0 0.327734 0.363194 0.0335938 0.0513889
0 0.377734 0.430556 0.0351562 0.0527778
0 0.210938 0.416667 0.0328125 0.05
0 0.407031 0.770833 0.03125 0.0444444
0 0.769922 0.438889 0.0367187 0.0527778
0 0.0976562 0.626389 0.028125 0.0555556
0 0.560547 0.901389 0.0320312 0.0444444
