0 0.996875 0.36875 0.00625 0.0402778
0 0.135937 0.697222 0.028125 0.0472222
0 0.927734 0.859028 0.0273438 0.0347222
0 0.989844 0.115278 0.01875 0.05
0 0.00390625 0.707639 0.0078125 0.0458333
0 0.992969 0.326389 0.0140625 0.0472222
0 0.932422 0.825 0.0335938 0.05
0 0.271875 0.784722 0.03125 0.0611111
0 0.0601562 0.620833 0.0296875 0.0472222
0 0.747656 0.742361 0.0359375 0.0513889
0 0.317187 0.761111 0.028125 0.0472222
0 0.518359 0.983333 0.0304688 0.0333333
0 0.967578 0.184722 0.0242187 0.0388889
0 0.449219 0.118056 0.028125 0.0416667
0 0.255859 0.180556 0.0273438 0.0444444
0 0.9875 0.930556 0.025 0.05
0 0.982422 0.625694 0.0304688 0.0541667
0 0.944531 0.0868056 0.0296875 0.0541667
0 0.11875 0.615278 0.0265625 0.0416667
0 0.917969 0.238194 0.034375 0.0597222
0 0.487109 0.159028 0.0304688 0.0486111
0 0.619141 0.230556 0.0335938 0.0555556
0 0.953906 0.659028 0.0296875 0.0486111
0 0.583594 0.107639 0.0359375 0.0569444
0 0.327344 0.228472 0.03125 0.0486111
0 0.0917969 0.311806 0.0289063 0.0541667
0 0.655859 0.125 0.0289063 0.0472222
0 0.603516 0.863889 0.0335938 0.0555556
