0 0.00429688 0.875 0.00859375 0.0555556
0 0.992188 0.132639 0.015625 0.0402778
0 0.994141 0.90625 0.0101562 0.0541667
0 0.977734 0.488889 0.0367187 0.0555556
0 0.613281 0.983333 0.03125 0.0333333
0 0.100391 0.233333 0.0257812 0.0416667
0 0.0125 0.690278 0.0234375 0.0444444
0 0.437891 0.244444 0.0289063 0.0416667
0 0.677344 0.269444 0.0328125 0.0527778
0 0.775781 0.0736111 0.0296875 0.0472222
0 0.643359 0.233333 0.0304688 0.0416667
0 0.850391 0.920833 0.0320312 0.05
0 0.948438 0.207639 0.0296875 0.0513889
0 0.0609375 0.0888889 0.0234375 0.0416667
0 0.266016 0.720139 0.0289063 0.0458333
0 0.560156 0.238889 0.034375 0.0472222
0 0.653125 0.677778 0.0328125 0.0472222
0 0.388672 0.125 0.0304688 0.0444444
0 0.792578 0.398611 0.0304688 0.0444444
0 0.848047 0.967361 0.0257812 0.0402778
0 0.323828 0.320833 0.0273438 0.0388889
0 0.342578 0.113889 0.0335938 0.0611111
0 0.294922 0.525 0.0335938 0.05
0 0.317969 0.417361 0.028125 0.0402778
0 0.845312 0.0791667 0.0296875 0.0472222
0 0.552344 0.717361 0.03125 0.0458333
0 0.254297 0.213194 0.0289063 0.0430556
0 0.444531 0.567361 0.0296875 0.0430556
0 0.065625 0.642361 0.0234375 0.0458333
0 0.254687 0.835417 0.028125 0.0458333
0 0.233203 0.370139 0.0289063 0.0486111
0 0.284375 0.632639 0.03125 0.0486111
0 0.508203 0.680556 0.0304688 0.0472222
0 0.142578 0.316667 0.0289063 0.0416667
0 0.739062 0.530556 0.0296875 0.0416667
0 0.572266 0.475694 0.0335938 0.0486111
0 0.688672 0.486806 0.0320312 0.0458333
0 0.134375 0.781944 0.028125 0.05
0 0.741797 0.685417 0.0304688 0.0430556
