0 0.996094 0.509722 0.0078125 0.05
0 0.622656 0.96875 0.03125 0.0458333
0 0.128125 0.652083 0.025 0.0402778
0 0.251563 0.236111 0.03125 0.0416667
0 0.563672 0.624306 0.0132813 0.0208333
0 0.405859 0.334722 0.0289063 0.0416667
0 0.871484 0.622917 0.0273438 0.0375
0 0.298828 0.470139 0.0273438 0.0430556
0 0.378125 0.520833 0.0296875 0.0444444
0 0.508203 0.90625 0.0367187 0.0486111
0 0.71875 0.677778 0.028125 0.0416667
0 0.579687 0.0138889 0.034375 0.025
0 0.978516 0.375694 0.0289063 0.0375
0 0.259375 0.0847222 0.0296875 0.0444444
0 0.0371094 0.704861 0.0257812 0.0597222
0 0.888281 0.025 0.0296875 0.0444444
0 0.892187 0.390972 0.0296875 0.0402778
0 0.599609 0.745139 0.0289063 0.0430556
0 0.624609 0.0798611 0.0304688 0.0430556
0 0.307813 0.395833 0.028125 0.0361111
0 0.434375 0.578472 0.028125 0.0430556
0 0.977344 0.868056 0.028125 0.0388889
0 0.369922 0.0402778 0.0320312 0.0472222
0 0.346094 0.31875 0.0296875 0.0513889
0 0.719531 0.368056 0.0296875 0.0444444
0 0.413281 0.905556 0.0265625 0.0416667
0 0.557813 0.190278 0.0296875 0.0444444
0 0.20625 0.688889 0.028125 0.05
0 0.741406 0.763194 0.0296875 0.0458333
0 0.146875 0.753472 0.0265625 0.0541667
0 0.710938 0.577778 0.034375 0.0527778
0 0.849609 0.715278 0.0304688 0.0472222
0 0.892187 0.640972 0.0296875 0.0486111
0 0.186328 0.754167 0.0273438 0.0527778
0 0.783594 0.0854167 0.0296875 0.0486111
0 0.574609 0.345833 0.0320312 0.0416667
0 0.498828 0.504861 0.0273438 0.0458333
0 0.454688 0.526389 0.0296875 0.0416667
0 0.635938 0.643056 0.0296875 0.0416667
0 0.40625 0.133333 0.0328125 0.0527778
0 0.575 0.444444 0.0296875 0.0416667
