0 0.994141 0.351389 0.0117188 0.0555556
0 0.176172 0.925694 0.0273438 0.0430556
0 0.297656 0.694444 0.03125 0.0444444
0 0.691797 0.372222 0.0367187 0.0555556
0 0.465625 0.851389 0.025 0.0361111
0 0.303906 0.707639 0.0359375 0.0513889
0 0.45625 0.823611 0.028125 0.0444444
0 0.976953 0.407639 0.0304688 0.0458333
0 0.0730469 0.6125 0.0242187 0.0416667
0 0.065625 0.772917 0.0265625 0.0430556
0 0.674219 0.801389 0.0328125 0.0444444
0 0.0324219 0.0152778 0.0226563 0.0305556
0 0.589063 0.171528 0.0328125 0.0458333
0 0.929688 0.404861 0.0328125 0.0513889
0 0.916797 0.715278 0.0335938 0.0527778
0 0.782812 0.278472 0.028125 0.0402778
0 0.710938 0.74375 0.040625 0.0625
0 0.499609 0.690972 0.0289063 0.0486111
0 0.734375 0.585417 0.0328125 0.0486111
0 0.823438 0.153472 0.0296875 0.0458333
0 0.869922 0.424306 0.0257812 0.0402778
0 0.488281 0.636111 0.034375 0.0527778
0 0.0941406 0.309028 0.0273438 0.0458333
0 0.863281 0.79375 0.0359375 0.0513889
0 0.864453 0.0409722 0.0304688 0.0541667
0 0.114844 0.0854167 0.0265625 0.0430556
0 0.770703 0.318056 0.0335938 0.05
0 0.209375 0.509028 0.028125 0.0430556
0 0.395312 0.876389 0.0296875 0.0472222
0 0.142578 0.339583 0.0289063 0.0458333
0 0.785547 0.436111 0.0351562 0.0527778
0 0.803906 0.8625 0.0296875 0.0472222
0 0.496875 0.88125 0.028125 0.0430556
0 0.676953 0.213889 0.0289063 0.0472222
0 0.582812 0.291667 0.028125 0.0416667
0 0.391016 0.440278 0.0304688 0.0444444
0 0.568359 0.421528 0.0289063 0.0430556
