0 0.997656 0.532639 0.0046875 0.0402778
0 0.157813 0.920139 0.0265625 0.0430556
0 0.616016 0.645139 0.0273438 0.0430556
0 0.797656 0.81875 0.0296875 0.0458333
0 0.860156 0.0277778 0.0296875 0.0416667
0 0.986719 0.0458333 0.0265625 0.0555556
0 0.300391 0.600694 0.0273438 0.0375
0 0.845703 0.248611 0.0304688 0.0472222
0 0.886328 0.0277778 0.0289063 0.0444444
0 0.508984 0.246528 0.0289063 0.0402778
0 0.598828 0.167361 0.0304688 0.0402778
0 0.9 0.947222 0.03125 0.0472222
0 0.971875 0.34375 0.03125 0.0486111
0 0.169922 0.742361 0.0257812 0.0430556
0 0.358203 0.55 0.0335938 0.0555556
0 0.123047 0.0444444 0.0257812 0.0444444
0 0.05 0.0451389 0.0203125 0.0458333
0 0.0511719 0.420139 0.0242187 0.0458333
0 0.551172 0.0951389 0.0289063 0.0430556
0 0.921094 0.763889 0.0296875 0.0472222
0 0.19375 0.705556 0.0296875 0.05
0 0.450391 0.445139 0.0273438 0.0458333
0 0.0210938 0.570833 0.0234375 0.0444444
0 0.466016 0.723611 0.0320312 0.0472222
0 0.551172 0.0263889 0.0304688 0.0444444
0 0.715234 0.289583 0.0289063 0.0402778
0 0.797656 0.682639 0.0296875 0.0486111
0 0.142969 0.59375 0.028125 0.0486111
0 0.791016 0.509028 0.0304688 0.0513889
0 0.473047 0.793056 0.0304688 0.0444444
0 0.601562 0.423611 0.034375 0.0555556
0 0.251563 0.914583 0.03125 0.0513889
0 0.290234 0.6625 0.0367187 0.0583333
0 0.575 0.711111 0.03125 0.0444444
