0 0.0148437 0.177778 0.025 0.0388889
0 0.50625 0.91875 0.028125 0.0402778
0 0.4125 0.0756944 0.0296875 0.0458333
0 0.152734 0.0111111 0.0257812 0.0194444
0 0.485547 0.0361111 0.0304688 0.0416667
0 0.0046875 0.595139 0.009375 0.0458333
0 0.535547 0.235417 0.0320312 0.0430556
0 0.423047 0.169444 0.0304688 0.0444444
0 0.294531 0.0194444 0.028125 0.0388889
0 0.533203 0.0944444 0.0304688 0.0444444
0 0.232422 0.0444444 0.0320312 0.0416667
0 0.517969 0.198611 0.03125 0.0444444
0 0.701563 0.33125 0.03125 0.0430556
0 0.489844 0.859028 0.028125 0.0486111
0 0.457031 0.919444 0.028125 0.0472222
0 0.0566406 0.134722 0.0257812 0.0361111
0 0.982422 0.26875 0.0289063 0.0569444
0 0.866797 0.2375 0.0273438 0.05
0 0.926953 0.209028 0.0304688 0.0625
0 0.14375 0.609722 0.025 0.0361111
0 0.207813 0.841667 0.0265625 0.0444444
0 0.48125 0.940972 0.0296875 0.0458333
0 0.250781 0.5625 0.0265625 0.0388889
0 0.180469 0.834028 0.03125 0.0402778
0 0.1 0.672222 0.0265625 0.0388889
0 0.132812 0.0694444 0.028125 0.0416667
0 0.0292969 0.475 0.0242187 0.0388889
0 0.214844 0.770833 0.0296875 0.0416667
0 0.223828 0.122222 0.0289063 0.0444444
0 0.435547 0.100694 0.0289063 0.0486111
0 0.697266 0.607639 0.0320312 0.0458333
0 0.5875 0.346528 0.034375 0.0541667
0 0.530078 0.458333 0.0320312 0.0444444
0 0.0867188 0.9125 0.028125 0.0416667
0 0.0855469 0.363194 0.0304688 0.0430556
0 0.773828 0.699306 0.0304688 0.0486111
0 0.216797 0.634722 0.0304688 0.0388889
0 0.892187 0.925 0.0296875 0.05
0 0.807031 0.175694 0.0296875 0.0541667
0 0.81875 0.457639 0.0296875 0.0541667
0 0.576563 0.0361111 0.028125 0.05
0 0.809375 0.315278 0.03125 0.0472222
0 0.327344 0.602083 0.0296875 0.0402778
0 0.284766 0.684722 0.0289063 0.0416667
0 0.345313 0.977778 0.034375 0.0416667
0 0.103125 0.848611 0.0296875 0.0472222
0 0.619531 0.61875 0.028125 0.0486111
0 0.278516 0.526389 0.0304688 0.0472222
