0 0.997656 0.707639 0.0046875 0.0541667
0 0.994922 0.525 0.00859375 0.0527778
0 0.267188 0.120833 0.028125 0.0416667
0 0.776953 0.154861 0.0351562 0.0541667
0 0.798437 0.0895833 0.03125 0.0402778
0 0.830859 0.0180556 0.0320312 0.0333333
0 0.342969 0.0958333 0.028125 0.0416667
0 0.446484 0.114583 0.0289063 0.0402778
0 0.995313 0.629861 0.009375 0.0486111
0 0.993359 0.5 0.0132813 0.0472222
0 0.870313 0.779861 0.0296875 0.0458333
0 0.805469 0.193056 0.0296875 0.0416667
0 0.778516 0.38125 0.0320312 0.0486111
0 0.332422 0.317361 0.0226563 0.0402778
0 0.942578 0.959722 0.0273438 0.0444444
0 0.271484 0.556944 0.0273438 0.0416667
0 0.216797 0.190278 0.0273438 0.0416667
0 0.876172 0.980556 0.0289063 0.0388889
0 0.883984 0.433333 0.0335938 0.0555556
0 0.799609 0.338889 0.0351562 0.0527778
0 0.528125 0.979167 0.028125 0.0388889
0 0.408594 0.367361 0.0265625 0.0430556
0 0.9125 0.339583 0.025 0.0347222
0 0.885156 0.182639 0.028125 0.0513889
0 0.932422 0.25625 0.0289063 0.0486111
0 0.495703 0.195139 0.0304688 0.0486111
0 0.703516 0.277083 0.0304688 0.0458333
0 0.521875 0.183333 0.028125 0.0416667
0 0.509375 0.261806 0.0265625 0.0402778
0 0.352734 0.325 0.0351562 0.0611111
0 0.367188 0.0284722 0.03125 0.0541667
0 0.0109375 0.458333 0.0203125 0.0416667
0 0.692969 0.740278 0.0296875 0.05
0 0.514063 0.351389 0.0296875 0.0416667
0 0.193359 0.965278 0.0289063 0.05
0 0.374219 0.384722 0.028125 0.0444444
0 0.221875 0.661806 0.028125 0.0430556
0 0.744922 0.617361 0.0320312 0.0458333
0 0.361328 0.509028 0.0289063 0.0486111
0 0.025 0.860417 0.0234375 0.0430556
0 0.911328 0.671528 0.0320312 0.0513889
0 0.688672 0.54375 0.0304688 0.0486111
0 0.0351562 0.418056 0.025 0.0444444
0 0.665234 0.649306 0.0320312 0.0486111
0 0.157813 0.870139 0.0265625 0.0458333
0 0.223438 0.975 0.028125 0.0472222
0 0.871875 0.661111 0.03125 0.05
0 0.592188 0.484722 0.034375 0.0527778
0 0.384766 0.920139 0.0382813 0.0597222
0 0.103125 0.397222 0.0265625 0.0472222
0 0.365625 0.741667 0.028125 0.0472222
0 0.314063 0.658333 0.0296875 0.0472222
0 0.510938 0.772917 0.0296875 0.0430556
0 0.689844 0.872917 0.0296875 0.0430556
