0 0.336328 0.989583 0.0320312 0.0208333
0 0.399219 0.358333 0.025 0.0388889
0 0.00625 0.984028 0.0125 0.0319444
0 0.757812 0.968056 0.0328125 0.0472222
0 0.622266 0.46875 0.0273438 0.0375
0 0.708203 0.588194 0.0320312 0.0513889
0 0.843359 0.430556 0.0273438 0.0361111
0 0.95625 0.299306 0.034375 0.0652778
0 0.527734 0.365972 0.0351562 0.0597222
0 0.93125 0.109028 0.0296875 0.0430556
0 0.698828 0.934028 0.0320312 0.0458333
0 0.197656 0.633333 0.01875 0.0305556
0 0.202734 0.9375 0.0273438 0.0416667
0 0.568359 0.917361 0.0289063 0.0486111
0 0.0109375 0.722222 0.0203125 0.0472222
0 0.730469 0.0402778 0.0296875 0.0444444
0 0.511328 0.276389 0.0304688 0.0388889
0 0.0980469 0.222917 0.0242187 0.0402778
0 0.591797 0.654167 0.0304688 0.0527778
0 0.107031 0.978472 0.028125 0.0402778
0 0.469531 0.661111 0.0296875 0.0444444
0 0.625391 0.149306 0.0304688 0.0458333
0 0.595703 0.845833 0.0304688 0.0472222
0 0.0222656 0.336806 0.0242187 0.0430556
0 0.0652344 0.0784722 0.0273438 0.0513889
0 0.776172 0.395833 0.0289063 0.0416667
0 0.324219 0.25625 0.0296875 0.0541667
0 0.0761719 0.6 0.0242187 0.0444444
0 0.594531 0.377083 0.03125 0.0430556
0 0.816797 0.584028 0.0320312 0.0458333
0 0.519141 0.747222 0.0320312 0.05
0 0.41875 0.84375 0.03125 0.0513889
0 0.377344 0.886806 0.0328125 0.0541667
0 0.645703 0.350694 0.0367187 0.0569444
0 0.238672 0.622917 0.0289063 0.0513889
0 0.0199219 0.773611 0.0242187 0.0472222
0 0.341797 0.915972 0.0289063 0.0486111
