0 0.924609 0.924306 0.0289063 0.0513889
0 0.921484 0.958333 0.0289063 0.0472222
0 0.180469 0.736806 0.025 0.0402778
0 0.653516 0.150694 0.0335938 0.0541667
0 0.0132813 0.985417 0.0234375 0.0291667
0 0.892187 0.366667 0.0375 0.05
0 0.850391 0.638889 0.0289063 0.0416667
0 0.901172 0.210417 0.0320312 0.0597222
0 0.976172 0.501389 0.0304688 0.0472222
0 0.642969 0.418056 0.0359375 0.0583333
0 0.905859 0.91875 0.0273438 0.0513889
0 0.720703 0.424306 0.0289063 0.0375
0 0.695703 0.0958333 0.0304688 0.0416667
0 0.623828 0.344444 0.0320312 0.0416667
0 0.757031 0.350694 0.03125 0.0430556
0 0.947656 0.270833 0.03125 0.0444444
0 0.576953 0.431944 0.0257812 0.0333333
0 0.653906 0.948611 0.0328125 0.05
0 0.521094 0.7125 0.0296875 0.05
0 0.83125 0.5125 0.028125 0.0388889
0 0.576172 0.263194 0.0289063 0.0375
0 0.4875 0.715972 0.0296875 0.0430556
0 0.155078 0.938194 0.0289063 0.0486111
0 0.819141 0.69375 0.0289063 0.0430556
0 0.181641 0.564583 0.0367187 0.0597222
0 0.606641 0.913889 0.0320312 0.05
0 0.55625 0.678472 0.028125 0.0402778
0 0.377344 0.632639 0.0296875 0.0430556
0 0.469922 0.959028 0.0304688 0.0541667
0 0.276172 0.639583 0.0289063 0.0430556
0 0.257812 0.783333 0.028125 0.0527778
0 0.312891 0.692361 0.0304688 0.0541667
0 0.764453 0.795139 0.0304688 0.0458333
0 0.751172 0.708333 0.0335938 0.0472222
0 0.395703 0.836111 0.0304688 0.05
0 0.628125 0.793056 0.0328125 0.0444444
