0 0.991016 0.347917 0.0164062 0.0458333
0 0.252344 0.136806 0.028125 0.0402778
0 0.478906 0.863194 0.0375 0.0486111
0 0.519531 0.129167 0.028125 0.0388889
0 0.786719 0.800694 0.0265625 0.0430556
0 0.408203 0.958333 0.0289063 0.0416667
0 0.294141 0.597222 0.0289063 0.0444444
0 0.0289063 0.186806 0.021875 0.0375
0 0.208984 0.851389 0.0304688 0.0472222
0 0.096875 0.444444 0.0265625 0.0388889
0 0.065625 0.372222 0.025 0.0416667
0 0.0484375 0.353472 0.0203125 0.0347222
0 0.332422 0.340278 0.0273438 0.0388889
0 0.888281 0.663194 0.0328125 0.0541667
0 0.747656 0.520833 0.0359375 0.0555556
0 0.298828 0.377083 0.0289063 0.0541667
0 0.104297 0.748611 0.0320312 0.05
0 0.101953 0.55 0.0257812 0.0444444
0 0.314063 0.761111 0.0296875 0.0472222
0 0.369922 0.905556 0.0304688 0.0527778
