0 0.00234375 0.515972 0.0046875 0.0513889
0 0.206641 0.425694 0.0242187 0.0347222
0 0.989844 0.556944 0.0203125 0.0472222
0 0.744141 0.0222222 0.0304688 0.0444444
0 0.685547 0.96875 0.0304688 0.0458333
0 0.699609 0.0402778 0.0210938 0.0444444
0 0.993359 0.421528 0.0132813 0.0486111
0 0.718359 0.0527778 0.0257812 0.0555556
0 0.957031 0.177083 0.028125 0.0402778
0 0.356641 0.333333 0.0257812 0.0416667
0 0.718359 0.645833 0.0289063 0.0444444
0 0.531641 0.432639 0.0289063 0.0458333
0 0.194531 0.482639 0.028125 0.0402778
0 0.830469 0.691667 0.0328125 0.0527778
0 0.870703 0.975694 0.0445312 0.0458333
0 0.919141 0.348611 0.0257812 0.0361111
0 0.80625 0.275 0.034375 0.0611111
0 0.372266 0.132639 0.0320312 0.0625
0 0.271484 0.974306 0.0273438 0.0375
0 0.253906 0.126389 0.0265625 0.0388889
0 0.180859 0.0305556 0.0273438 0.0416667
0 0.632812 0.571528 0.0296875 0.0486111
0 0.517578 0.64375 0.0289063 0.0486111
0 0.240625 0.736111 0.03125 0.0555556
0 0.848047 0.845833 0.0320312 0.05
0 0.246875 0.252778 0.028125 0.0388889
0 0.021875 0.674306 0.025 0.0402778
0 0.828906 0.328472 0.0328125 0.0486111
0 0.309766 0.705556 0.0304688 0.0527778
