0 0.203906 0.0895833 0.028125 0.0430556
0 0.648438 0.0166667 0.028125 0.0222222
0 0.0105469 0.775 0.0195312 0.0416667
0 0.502344 0.711111 0.028125 0.0444444
0 0.947656 0.979861 0.0375 0.0402778
0 0.419531 0.733333 0.0296875 0.0444444
0 0.0960938 0.206944 0.028125 0.0472222
0 0.146875 0.402778 0.0265625 0.0444444
0 0.0257812 0.49375 0.01875 0.0319444
0 0.991016 0.141667 0.0179687 0.0527778
0 0.0652344 0.195139 0.0257812 0.0430556
0 0.0605469 0.913194 0.0257812 0.0402778
0 0.219531 0.372917 0.025 0.0375
0 0.180859 0.858333 0.0257812 0.0416667
0 0.329297 0.309028 0.0289063 0.0458333
0 0.980469 0.59375 0.028125 0.0513889
0 0.883594 0.534028 0.0296875 0.0486111
0 0.353125 0.595833 0.03125 0.0527778
