0 0.991016 0.320139 0.0179687 0.0513889
0 0.623438 0.788194 0.0625 0.0513889
0 0.994531 0.685417 0.0109375 0.0569444
0 0.530078 0.486806 0.0289063 0.0402778
0 0.991797 0.897222 0.0148437 0.0611111
0 0.976953 0.152778 0.0289063 0.0416667
0 0.485547 0.797222 0.0257812 0.0416667
0 0.323438 0.944444 0.021875 0.0388889
0 0.224219 0.581944 0.0265625 0.0416667
0 0.503125 0.958333 0.03125 0.0472222
0 0.283203 0.640278 0.0289063 0.0388889
0 0.310937 0.0340278 0.028125 0.0458333
0 0.759766 0.776389 0.0257812 0.0472222
0 0.84375 0.0993056 0.0203125 0.0402778
0 0.0375 0.708333 0.0234375 0.0416667
0 0.935547 0.920833 0.0382813 0.0527778
0 0.0441406 0.147222 0.0226563 0.0361111
0 0.811328 0.0319444 0.0273438 0.05
0 0.553125 0.215972 0.0328125 0.0541667
0 0.648047 0.605556 0.0335938 0.0527778
0 0.398438 0.226389 0.03125 0.05
0 0.385156 0.984028 0.0328125 0.0319444
0 0.257422 0.0319444 0.0335938 0.05
0 0.504687 0.875 0.03125 0.05
0 0.634766 0.795139 0.0320312 0.0569444
0 0.602344 0.779167 0.03125 0.05
0 0.381641 0.709028 0.0273438 0.0486111
0 0.930859 0.0979167 0.0273438 0.0430556
0 0.467969 0.179167 0.0265625 0.0444444
0 0.565234 0.353472 0.0273438 0.0375
0 0.652344 0.880556 0.028125 0.0472222
0 0.329688 0.740972 0.021875 0.0347222
0 0.223438 0.736806 0.0328125 0.0486111
0 0.416016 0.26875 0.0320312 0.0569444
0 0.763672 0.361806 0.0304688 0.0430556
0 0.7375 0.772917 0.0296875 0.0541667
0 0.226953 0.880556 0.0289063 0.0416667
0 0.403516 0.546528 0.0304688 0.0486111
0 0.178906 0.613194 0.03125 0.0513889
0 0.939453 0.395139 0.0304688 0.0458333
0 0.169141 0.402778 0.0304688 0.05
0 0.295312 0.330556 0.0296875 0.0472222
0 0.2625 0.406944 0.028125 0.05
0 0.715234 0.560417 0.0320312 0.0541667
