0 0.419141 0.585417 0.0242187 0.0402778
0 0.558984 0.00833333 0.0304688 0.0166667
0 0.954687 0.555556 0.028125 0.0472222
0 0.817187 0.127083 0.034375 0.0569444
0 0.989062 0.56875 0.021875 0.0486111
0 0.00507812 0.608333 0.0101562 0.0472222
0 0.808203 0.138889 0.0335938 0.0611111
0 0.790234 0.947917 0.0320312 0.0513889
0 0.569141 0.9625 0.0273438 0.0444444
0 0.891406 0.0833333 0.0265625 0.0444444
0 0.894922 0.125694 0.0273438 0.0430556
0 0.776563 0.666667 0.03125 0.0472222
0 0.053125 0.197917 0.0234375 0.0402778
0 0.938281 0.925 0.03125 0.0527778
0 0.0714844 0.863194 0.0289063 0.0513889
0 0.455859 0.3875 0.0351562 0.0555556
0 0.475391 0.582639 0.0273438 0.0430556
0 0.505469 0.827083 0.03125 0.0513889
0 0.888281 0.352778 0.0375 0.0583333
0 0.330469 0.234722 0.028125 0.0416667
0 0.132422 0.770139 0.0273438 0.0458333
0 0.602344 0.973611 0.0296875 0.0472222
0 0.590234 0.148611 0.0289063 0.0416667
0 0.955469 0.78125 0.03125 0.0486111
0 0.508984 0.119444 0.0304688 0.0472222
0 0.282031 0.155556 0.0296875 0.0527778
0 0.418359 0.160417 0.0304688 0.0430556
0 0.429688 0.296528 0.0296875 0.0430556
0 0.696094 0.963889 0.0296875 0.05
0 0.326562 0.718056 0.03125 0.0472222
0 0.570312 0.390972 0.03125 0.0458333
0 0.648828 0.651389 0.0304688 0.0555556
0 0.239453 0.340972 0.0304688 0.0569444
0 0.857422 0.5625 0.0320312 0.0527778
0 0.583594 0.0715278 0.0296875 0.0430556
