0 0.275391 0.634028 0.0257812 0.0375
0 0.869531 0.769444 0.0296875 0.05
0 0.502734 0.921528 0.0132813 0.0208333
0 0.601562 0.979167 0.0296875 0.0416667
0 0.469922 0.779861 0.0351562 0.0402778
0 0.912109 0.597222 0.0289063 0.0472222
0 0.0078125 0.844444 0.015625 0.0388889
0 0.142188 0.345833 0.03125 0.0416667
0 0.300781 0.621528 0.0265625 0.0375
0 0.333594 0.0555556 0.028125 0.0444444
0 0.509375 0.863889 0.0265625 0.0444444
0 0.45 0.245833 0.03125 0.0472222
0 0.252344 0.293056 0.028125 0.0361111
0 0.0996094 0.0590278 0.0242187 0.0375
0 0.0789063 0.0847222 0.025 0.0416667
0 0.0984375 0.964583 0.0265625 0.0375
0 0.359766 0.263194 0.0320312 0.0402778
0 0.643359 0.900694 0.0273438 0.0486111
0 0.120703 0.915972 0.0273438 0.0375
0 0.214844 0.108333 0.0296875 0.0416667
0 0.208203 0.186806 0.0273438 0.0375
0 0.341016 0.7625 0.0273438 0.0444444
0 0.253906 0.0631944 0.03125 0.0458333
0 0.420703 0.402083 0.0304688 0.0513889
0 0.306641 0.35625 0.0304688 0.0513889
0 0.811719 0.836806 0.0296875 0.0458333
0 0.775 0.822917 0.0359375 0.0513889
0 0.075 0.795833 0.0296875 0.0416667
0 0.804688 0.295833 0.034375 0.0611111
0 0.766016 0.922222 0.0273438 0.0472222
0 0.389453 0.59375 0.0320312 0.0430556
0 0.210938 0.602778 0.0265625 0.0361111
0 0.367578 0.304861 0.0304688 0.0402778
0 0.885547 0.446528 0.0289063 0.0458333
0 0.955078 0.758333 0.0289063 0.05
0 0.469922 0.957639 0.0289063 0.0486111
0 0.330469 0.474306 0.028125 0.0375
0 0.435547 0.825694 0.0335938 0.0458333
0 0.571484 0.114583 0.0289063 0.0430556
0 0.781641 0.520139 0.0273438 0.0430556
0 0.579687 0.322222 0.0328125 0.0472222
0 0.592188 0.485417 0.0296875 0.0430556
0 0.933984 0.380556 0.0304688 0.05
0 0.720703 0.643056 0.0304688 0.0416667
