0 0.663672 0.990972 0.0242187 0.0152778
0 0.755469 0.00763889 0.0234375 0.0152778
0 0.279297 0.0159722 0.0304688 0.0319444
0 0.040625 0.320139 0.025 0.0347222
0 0.4875 0.231944 0.0296875 0.0444444
0 0.55 0.930556 0.0265625 0.0444444
0 0.457031 0.352778 0.0296875 0.0416667
0 0.986719 0.977083 0.0265625 0.0402778
0 0.492578 0.25 0.0289063 0.0444444
0 0.644531 0.679861 0.0375 0.0458333
0 0.940234 0.8 0.0351562 0.0416667
0 0.982813 0.202778 0.0328125 0.0583333
0 0.31875 0.560417 0.0234375 0.0347222
0 0.728125 0.0736111 0.0359375 0.0444444
0 0.129297 0.723611 0.0257812 0.0361111
0 0.364453 0.65625 0.0304688 0.0486111
0 0.303906 0.582639 0.028125 0.0430556
0 0.395703 0.0715278 0.0242187 0.0430556
0 0.819922 0.88125 0.0320312 0.0402778
0 0.195312 0.726389 0.0265625 0.0416667
0 0.567187 0.184028 0.028125 0.0458333
0 0.349219 0.824306 0.028125 0.0569444
0 0.944922 0.397917 0.0320312 0.0402778
0 0.846094 0.199306 0.040625 0.0791667
0 0.434766 0.188889 0.0289063 0.0416667
0 0.40625 0.231944 0.03125 0.05
0 0.475 0.46875 0.0265625 0.0458333
0 0.445703 0.0479167 0.0289063 0.0486111
0 0.888281 0.858333 0.0296875 0.0444444
0 0.704297 0.358333 0.0304688 0.0555556
0 0.417188 0.396528 0.0296875 0.0569444
0 0.383984 0.325 0.0304688 0.0527778
0 0.883594 0.0215278 0.03125 0.0430556
0 0.473047 0.666667 0.0257812 0.0583333
