0 0.603906 0.471528 0.028125 0.0430556
0 0.00351562 0.9 0.00703125 0.0555556
0 0.717578 0.830556 0.0351562 0.05
0 0.973047 0.0930556 0.0304688 0.0472222
0 0.574609 0.394444 0.0304688 0.0444444
0 0.969922 0.69375 0.0289063 0.0458333
0 0.4125 0.214583 0.0296875 0.0458333
0 0.990234 0.910417 0.0195312 0.0513889
0 0.317969 0.817361 0.0265625 0.0458333
0 0.0492188 0.0944444 0.028125 0.0527778
0 0.836719 0.764583 0.028125 0.0458333
0 0.955859 0.960417 0.0304688 0.0513889
0 0.242969 0.143056 0.028125 0.0444444
0 0.854688 0.796528 0.0296875 0.0486111
0 0.217187 0.230556 0.0296875 0.0444444
0 0.219531 0.365972 0.03125 0.0486111
0 0.339063 0.947222 0.03125 0.05
0 0.234766 0.904167 0.0273438 0.05
0 0.912891 0.541667 0.0304688 0.05
