0 0.298828 0.00972222 0.0289063 0.0194444
0 0.994922 0.495833 0.0101562 0.0583333
0 0.995703 0.770139 0.00859375 0.0513889
0 0.996094 0.0208333 0.0078125 0.0416667
0 0.0148437 0.927778 0.0234375 0.0388889
0 0.791406 0.0618056 0.034375 0.0541667
0 0.829687 0.703472 0.0375 0.0541667
0 0.685547 0.211111 0.0335938 0.0444444
0 0.908594 0.663889 0.03125 0.0527778
0 0.0402344 0.950694 0.0257812 0.0402778
0 0.555859 0.111111 0.0320312 0.0444444
0 0.958594 0.230556 0.034375 0.0555556
0 0.519531 0.0451389 0.0359375 0.0458333
0 0.307031 0.0548611 0.0296875 0.0402778
0 0.3125 0.355556 0.03125 0.0388889
0 0.852344 0.665278 0.040625 0.0527778
0 0.389062 0.924306 0.0359375 0.0458333
0 0.551172 0.654861 0.0351562 0.0486111
0 0.219922 0.834028 0.0304688 0.0402778
0 0.472656 0.559028 0.0375 0.0513889
0 0.25 0.820833 0.028125 0.0416667
0 0.928906 0.635417 0.03125 0.0430556
0 0.614453 0.707639 0.0335938 0.0402778
0 0.0328125 0.306944 0.025 0.0361111
0 0.33125 0.811111 0.0328125 0.0472222
0 0.172656 0.427083 0.028125 0.0375
0 0.599609 0.86875 0.0304688 0.0486111
0 0.596484 0.0256944 0.0289063 0.0458333
0 0.170703 0.129861 0.0320312 0.0430556
0 0.772656 0.827778 0.0375 0.0472222
0 0.478516 0.328472 0.0335938 0.0486111
0 0.170312 0.327083 0.0296875 0.0402778
0 0.0546875 0.711806 0.0265625 0.0430556
0 0.644531 0.769444 0.0296875 0.0444444
0 0.338281 0.947222 0.0296875 0.0444444
