0 0.500781 0.0194444 0.0328125 0.0388889
0 0.0648438 0.616667 0.025 0.0388889
0 0.00859375 0.74375 0.0171875 0.0402778
0 0.598437 0.464583 0.03125 0.0458333
0 0.252344 0.86875 0.028125 0.0430556
0 0.30625 0.702083 0.028125 0.0402778
0 0.403125 0.192361 0.0296875 0.0375
0 0.0414063 0.982639 0.0265625 0.0347222
0 0.476953 0.697222 0.0335938 0.0472222
0 0.351953 0.5625 0.0273438 0.0416667
0 0.511328 0.578472 0.0335938 0.0513889
0 0.346094 0.7875 0.0265625 0.0416667
0 0.507812 0.463194 0.03125 0.0513889
0 0.132422 0.785417 0.0289063 0.0513889
0 0.355078 0.331944 0.0289063 0.0444444
0 0.717969 0.938194 0.0328125 0.0541667
0 0.378906 0.84375 0.0296875 0.0458333
0 0.500781 0.938194 0.0328125 0.0513889
