0 0.184766 0.114583 0.0257812 0.0402778
0 0.604297 0.992361 0.0304688 0.0152778
0 0.545703 0.409722 0.0242187 0.0361111
0 0.623438 0.625694 0.0265625 0.0402778
0 0.736328 0.0125 0.0257812 0.025
0 0.720312 0.7125 0.0296875 0.0444444
0 0.286328 0.865278 0.0304688 0.0444444
0 0.496875 0.484028 0.028125 0.0402778
0 0.985937 0.455556 0.0265625 0.0416667
0 0.687891 0.390278 0.0304688 0.0416667
0 0.78125 0.0541667 0.0296875 0.0416667
0 0.644531 0.982639 0.0296875 0.0347222
0 0.920313 0.263889 0.0296875 0.0472222
0 0.962109 0.542361 0.0320312 0.0513889
0 0.241016 0.96875 0.0289063 0.0458333
0 0.98125 0.288889 0.0265625 0.05
0 0.357422 0.402778 0.0257812 0.0361111
0 0.825781 0.770139 0.0296875 0.0430556
0 0.349219 0.647222 0.0296875 0.0444444
0 0.241406 0.131944 0.028125 0.0472222
0 0.867969 0.114583 0.0328125 0.0541667
0 0.698047 0.244444 0.0304688 0.05
0 0.671094 0.661806 0.0296875 0.0430556
0 0.516406 0.265972 0.028125 0.0375
0 0.910156 0.534722 0.0296875 0.0416667
0 0.290625 0.960417 0.028125 0.0430556
0 0.857031 0.811111 0.0296875 0.0472222
0 0.163281 0.661111 0.03125 0.0472222
0 0.332812 0.45 0.0296875 0.0444444
0 0.606641 0.55625 0.0273438 0.0402778
0 0.960938 0.80625 0.03125 0.0569444
0 0.331641 0.126389 0.0304688 0.0444444
0 0.354297 0.556944 0.0257812 0.0416667
0 0.516797 0.722222 0.0289063 0.0444444
0 0.172656 0.863889 0.028125 0.0472222
0 0.112109 0.0243056 0.0289063 0.0486111
0 0.526563 0.314583 0.03125 0.0430556
0 0.303125 0.376389 0.0296875 0.0527778
0 0.265234 0.929861 0.0320312 0.0513889
0 0.917969 0.727083 0.0265625 0.0430556
