0 0.594141 0.0104167 0.0226563 0.0152778
0 0.0710938 0.756944 0.025 0.0444444
0 0.1 0.0145833 0.0265625 0.0291667
0 0.640234 0.672222 0.0304688 0.0472222
0 0.1625 0.981944 0.028125 0.0361111
0 0.589453 0.641667 0.0335938 0.05
0 0.366016 0.970833 0.0304688 0.0388889
0 0.142188 0.938889 0.028125 0.0444444
0 0.402344 0.379167 0.0328125 0.0444444
0 0.50625 0.861111 0.03125 0.0388889
0 0.795313 0.878472 0.0359375 0.0458333
0 0.233594 0.656944 0.03125 0.0416667
0 0.259375 0.247222 0.028125 0.0444444
0 0.104687 0.760417 0.028125 0.0402778
0 0.4125 0.881944 0.03125 0.0416667
0 0.173047 0.193056 0.0289063 0.0444444
0 0.38125 0.929861 0.028125 0.0402778
0 0.0503906 0.514583 0.0257812 0.0402778
0 0.88125 0.895139 0.0296875 0.0486111
0 0.433984 0.634028 0.0273438 0.0430556
0 0.951172 0.31875 0.0304688 0.0486111
0 0.261719 0.383333 0.0296875 0.0388889
0 0.835156 0.761806 0.028125 0.0486111
0 0.890234 0.76875 0.0304688 0.0513889
0 0.971484 0.738194 0.0289063 0.0486111
0 0.417578 0.589583 0.0304688 0.0541667
0 0.442578 0.36875 0.0289063 0.0513889
0 0.327344 0.913889 0.0359375 0.05
0 0.366797 0.203472 0.0304688 0.0513889
0 0.952734 0.935417 0.0304688 0.0541667
0 0.296875 0.704861 0.03125 0.0458333
0 0.890625 0.539583 0.03125 0.0513889
