0 0.652734 0.76875 0.0273438 0.0375
0 0.00390625 0.690278 0.0078125 0.0527778
0 0.997266 0.288889 0.00546875 0.0361111
0 0.00546875 0.2625 0.0109375 0.0555556
0 0.993359 0.979167 0.0117188 0.0361111
0 0.594922 0.01875 0.0414063 0.0347222
0 0.992969 0.78125 0.0125 0.0458333
0 0.85 0.668056 0.0265625 0.0416667
0 0.428125 0.955556 0.0296875 0.0388889
0 0.599609 0.147222 0.0320312 0.0416667
0 0.772656 0.334028 0.0296875 0.0430556
0 0.9875 0.625 0.0234375 0.0416667
0 0.582812 0.613194 0.034375 0.0430556
0 0.953906 0.0451389 0.0328125 0.0569444
0 0.875 0.456944 0.0328125 0.0416667
0 0.567578 0.34375 0.0320312 0.0458333
0 0.335547 0.9 0.0304688 0.0416667
0 0.847266 0.622222 0.0304688 0.0388889
0 0.525 0.641667 0.034375 0.0416667
0 0.955859 0.227083 0.0289063 0.0402778
0 0.797266 0.303472 0.0273438 0.0375
0 0.130859 0.248611 0.0273438 0.0444444
0 0.835547 0.945833 0.0304688 0.0472222
0 0.908203 0.985417 0.0273438 0.0291667
0 0.187109 0.377778 0.0273438 0.0361111
0 0.414844 0.369444 0.03125 0.0388889
0 0.681641 0.889583 0.0304688 0.0486111
0 0.302734 0.235417 0.0320312 0.0486111
0 0.661719 0.481944 0.0296875 0.0444444
0 0.350781 0.461111 0.034375 0.0555556
0 0.380469 0.942361 0.0296875 0.0430556
0 0.867188 0.784722 0.0265625 0.0416667
0 0.719531 0.196528 0.0296875 0.0486111
0 0.423047 0.450694 0.0289063 0.0402778
0 0.144531 0.88125 0.0296875 0.0458333
0 0.573828 0.858333 0.0304688 0.0555556
0 0.811328 0.911111 0.0320312 0.05
0 0.918359 0.285417 0.0273438 0.0486111
0 0.926562 0.915278 0.03125 0.0472222
0 0.830469 0.354167 0.03125 0.0527778
0 0.852344 0.902083 0.03125 0.0486111
0 0.521094 0.901389 0.03125 0.0472222
0 0.788672 0.764583 0.0289063 0.0458333
0 0.803125 0.391667 0.0328125 0.0527778
0 0.688672 0.781944 0.0367187 0.0583333
0 0.736328 0.652083 0.0273438 0.0458333
