0 0.0136719 0.451389 0.0257812 0.0444444
0 0.464844 0.09375 0.0421875 0.0430556
0 0.433984 0.0347222 0.0367187 0.0416667
0 0.832031 0.0256944 0.034375 0.0458333
0 0.423828 0.0513889 0.0304688 0.0416667
0 0.803516 0.386111 0.0210938 0.0361111
0 0.442969 0.01875 0.0328125 0.0375
0 0.935156 0.827083 0.028125 0.0458333
0 0.477344 0.103472 0.03125 0.0430556
0 0.874609 0.0375 0.0289063 0.05
0 0.790234 0.395139 0.0335938 0.0486111
0 0.932813 0.955556 0.0296875 0.0472222
0 0.307031 0.0305556 0.0296875 0.0472222
0 0.719922 0.177778 0.0273438 0.0388889
0 0.444531 0.295139 0.0375 0.0486111
0 0.957031 0.134028 0.028125 0.0486111
0 0.385547 0.709722 0.0289063 0.0416667
0 0.248828 0.0965278 0.0304688 0.0430556
0 0.586328 0.0388889 0.0289063 0.0388889
0 0.413281 0.91875 0.03125 0.0458333
0 0.63125 0.690278 0.0328125 0.0472222
0 0.712891 0.467361 0.0335938 0.0486111
0 0.454688 0.0854167 0.028125 0.0402778
0 0.291406 0.983333 0.03125 0.0333333
0 0.920313 0.841667 0.0328125 0.0555556
0 0.944922 0.894444 0.0273438 0.0416667
0 0.3875 0.768056 0.0265625 0.0388889
0 0.749219 0.153472 0.0328125 0.0458333
0 0.792578 0.679167 0.0304688 0.0472222
0 0.640234 0.767361 0.0351562 0.0486111
0 0.8375 0.265972 0.0328125 0.0430556
0 0.194922 0.895833 0.0289063 0.0444444
0 0.867578 0.638889 0.0289063 0.0472222
0 0.653125 0.347222 0.028125 0.0388889
0 0.152734 0.877083 0.0304688 0.0458333
0 0.526172 0.445833 0.0304688 0.0416667
0 0.660937 0.565278 0.028125 0.0388889
0 0.623828 0.314583 0.0304688 0.0402778
0 0.888672 0.760417 0.0367187 0.0597222
