0 0.346875 0.756944 0.0296875 0.0444444
0 0.952344 0.561111 0.03125 0.05
0 0.654688 0.356944 0.028125 0.0472222
0 0.113672 0.0208333 0.0289063 0.0416667
0 0.937109 0.19375 0.0304688 0.0430556
0 0.987891 0.934722 0.0242187 0.0583333
0 0.249219 0.968056 0.021875 0.0388889
0 0.630859 0.594444 0.0320312 0.05
0 0.623047 0.840278 0.0304688 0.05
0 0.980469 0.839583 0.0328125 0.0486111
0 0.1375 0.204167 0.03125 0.0527778
0 0.853516 0.478472 0.0351562 0.0569444
0 0.811328 0.697222 0.0320312 0.0444444
0 0.741406 0.251389 0.034375 0.0527778
0 0.752734 0.329861 0.0304688 0.0430556
0 0.592969 0.186806 0.03125 0.0430556
0 0.675391 0.377778 0.0367187 0.0638889
0 0.267969 0.634028 0.028125 0.0458333
0 0.561328 0.417361 0.0320312 0.0486111
0 0.0472656 0.844444 0.0273438 0.0472222
0 0.844922 0.0881944 0.0320312 0.0541667
0 0.253516 0.535417 0.0320312 0.0513889
0 0.426172 0.31875 0.0289063 0.0402778
0 0.702344 0.246528 0.0359375 0.0486111
0 0.490625 0.456944 0.03125 0.0444444
0 0.915234 0.802083 0.0320312 0.0513889
0 0.743359 0.75625 0.0320312 0.0458333
0 0.311328 0.517361 0.0304688 0.0486111
0 0.285156 0.399306 0.028125 0.0402778
0 0.592578 0.879861 0.0304688 0.0402778
0 0.218359 0.217361 0.0304688 0.0486111
0 0.735156 0.404861 0.0296875 0.0430556
0 0.584375 0.688889 0.034375 0.0472222
0 0.526172 0.0361111 0.0351562 0.0555556
0 0.0976562 0.455556 0.0265625 0.0444444
0 0.151562 0.528472 0.028125 0.0430556
0 0.333203 0.449306 0.0273438 0.0430556
0 0.408594 0.892361 0.0296875 0.0430556
0 0.828125 0.827083 0.0296875 0.0486111
