0 0.075 0.509028 0.03125 0.0486111
0 0.0550781 0.472917 0.0242187 0.0375
0 0.494531 0.391667 0.0296875 0.0472222
0 0.705078 0.94375 0.0351562 0.0569444
0 0.511328 0.342361 0.0242187 0.0347222
0 0.326953 0.103472 0.0320312 0.0458333
0 0.0648438 0.517361 0.0296875 0.0458333
0 0.0296875 0.6875 0.0265625 0.0416667
0 0.0839844 0.48125 0.0273438 0.0430556
0 0.656641 0.400694 0.0304688 0.0430556
0 0.810547 0.665278 0.0320312 0.0472222
0 0.987891 0.481944 0.0242187 0.0444444
0 0.496484 0.409722 0.0273438 0.0388889
0 0.933984 0.20625 0.0289063 0.0402778
0 0.764453 0.484028 0.0335938 0.0569444
0 0.148438 0.745833 0.0265625 0.0416667
0 0.494531 0.370833 0.028125 0.0416667
0 0.609766 0.075 0.0351562 0.0583333
0 0.862891 0.41875 0.0304688 0.0458333
0 0.967969 0.650694 0.03125 0.0513889
0 0.00898437 0.859722 0.0179687 0.0444444
0 0.835938 0.425 0.0296875 0.0444444
0 0.24375 0.634722 0.0265625 0.0416667
0 0.0148437 0.505556 0.0234375 0.0444444
0 0.0789063 0.724306 0.0265625 0.0458333
0 0.478125 0.323611 0.0328125 0.05
0 0.905078 0.518056 0.0289063 0.0416667
0 0.460938 0.778472 0.0296875 0.0486111
0 0.596094 0.463194 0.028125 0.0430556
0 0.719141 0.528472 0.0289063 0.0458333
0 0.302734 0.594444 0.0273438 0.0472222
0 0.0890625 0.890972 0.028125 0.0486111
0 0.117578 0.174306 0.0320312 0.0541667
