0 0.826953 0.892361 0.0273438 0.0486111
0 0.975781 0.891667 0.03125 0.0833333
0 0.616406 0.243056 0.03125 0.0388889
0 0.995313 0.232639 0.009375 0.0513889
0 0.632031 0.363889 0.0265625 0.0388889
0 0.594922 0.3625 0.0335938 0.0472222
0 0.0164062 0.944444 0.0234375 0.0333333
0 0.365625 0.940278 0.028125 0.0388889
0 0.420312 0.811806 0.0265625 0.0458333
0 0.819531 0.304167 0.0375 0.0416667
0 0.291016 0.672917 0.0304688 0.0375
0 0.477344 0.282639 0.034375 0.0430556
0 0.366406 0.0402778 0.0296875 0.0416667
0 0.586719 0.857639 0.0359375 0.0458333
0 0.942187 0.177778 0.028125 0.0416667
0 0.0332031 0.973611 0.0273438 0.0416667
0 0.04375 0.927778 0.0234375 0.0361111
0 0.408203 0.847222 0.0335938 0.0444444
0 0.239844 0.175694 0.028125 0.0430556
0 0.875391 0.175 0.0320312 0.05
0 0.741797 0.120139 0.0320312 0.0458333
0 0.572656 0.754167 0.0296875 0.05
0 0.287109 0.906944 0.0304688 0.0388889
0 0.0773437 0.0631944 0.0265625 0.0458333
0 0.415234 0.491667 0.0304688 0.0388889
0 0.697266 0.419444 0.0351562 0.0416667
0 0.903516 0.256944 0.0320312 0.05
0 0.973047 0.861806 0.0335938 0.0486111
0 0.152344 0.814583 0.0265625 0.0402778
0 0.863672 0.113194 0.0289063 0.0458333
0 0.1125 0.580556 0.03125 0.0444444
0 0.448828 0.395833 0.0289063 0.0388889
0 0.980859 0.911806 0.0289063 0.0513889
0 0.491406 0.973611 0.0296875 0.05
0 0.721484 0.474306 0.0320312 0.0430556
