0 0.128906 0.00555556 0.01875 0.0111111
0 0.183984 0.0256944 0.0289063 0.0375
0 0.993359 0.636806 0.0117188 0.0541667
0 0.172656 0.0111111 0.03125 0.0222222
0 0.642187 0.472222 0.03125 0.0416667
0 0.428516 0.0944444 0.0257812 0.0388889
0 0.494141 0.0208333 0.0335938 0.0416667
0 0.569531 0.242361 0.0328125 0.0486111
0 0.635938 0.513194 0.0328125 0.0458333
0 0.700391 0.214583 0.0367187 0.0569444
0 0.583203 0.318056 0.0351562 0.05
0 0.659766 0.0256944 0.0398437 0.0513889
0 0.858984 0.983333 0.0367187 0.0333333
0 0.633203 0.772917 0.0304688 0.0513889
0 0.103906 0.60625 0.028125 0.0430556
0 0.260156 0.476389 0.03125 0.0527778
0 0.554297 0.6875 0.0367187 0.0527778
0 0.973437 0.0979167 0.03125 0.0513889
0 0.965625 0.98125 0.034375 0.0375
0 0.176953 0.186806 0.0273438 0.0402778
0 0.862891 0.0493056 0.0304688 0.0513889
0 0.932422 0.548611 0.0304688 0.0472222
0 0.0605469 0.619444 0.0257812 0.0472222
0 0.194141 0.610417 0.0289063 0.0486111
0 0.233984 0.353472 0.0257812 0.0375
0 0.141016 0.345833 0.0273438 0.0416667
