0 0.407031 0.0916667 0.0328125 0.0444444
0 0.994531 0.697222 0.0109375 0.0472222
0 0.0558594 0.705556 0.0210938 0.0305556
0 0.617188 0.610417 0.0296875 0.0458333
0 0.0558594 0.159722 0.0226563 0.0388889
0 0.562891 0.539583 0.0289063 0.0430556
0 0.900391 0.320139 0.0320312 0.0458333
0 0.0507812 0.677778 0.0234375 0.0361111
0 0.269141 0.66875 0.0320312 0.0486111
0 0.107422 0.85625 0.0242187 0.0402778
0 0.401172 0.0527778 0.0367187 0.0527778
0 0.125 0.513194 0.0265625 0.0430556
0 0.641016 0.290278 0.0335938 0.0472222
0 0.727344 0.740278 0.028125 0.0472222
0 0.720703 0.909028 0.0335938 0.0513889
0 0.0621094 0.98125 0.0273438 0.0375
0 0.388672 0.227778 0.0304688 0.0444444
0 0.18125 0.252778 0.0265625 0.0444444
0 0.933594 0.967361 0.0296875 0.0458333
0 0.907812 0.651389 0.03125 0.0472222
0 0.540625 0.0965278 0.0359375 0.0569444
0 0.207422 0.945833 0.0289063 0.0444444
0 0.290625 0.90625 0.0265625 0.0430556
0 0.134766 0.613889 0.0257812 0.0416667
0 0.0898438 0.540278 0.0265625 0.0444444
0 0.675391 0.765278 0.0304688 0.0472222
0 0.828906 0.490278 0.03125 0.0527778
