0 0.119922 0.0222222 0.0304688 0.0444444
0 0.814062 0.834028 0.028125 0.0375
0 0.0796875 0.626389 0.03125 0.05
0 0.00664063 0.661806 0.0117188 0.0569444
0 0.927734 0.0284722 0.0304688 0.0458333
0 0.0386719 0.330556 0.0273438 0.0444444
0 0.814453 0.803472 0.0320312 0.0458333
0 0.694922 0.0694444 0.0398437 0.0611111
0 0.369922 0.983333 0.0289063 0.0333333
0 0.487109 0.29375 0.0335938 0.0513889
0 0.401172 0.268056 0.0335938 0.0555556
0 0.762891 0.769444 0.0304688 0.0416667
0 0.596094 0.666667 0.0328125 0.0527778
0 0.833984 0.197222 0.0335938 0.05
0 0.332812 0.529861 0.028125 0.0430556
0 0.445703 0.923611 0.0289063 0.0472222
0 0.527734 0.218056 0.0304688 0.0388889
0 0.558203 0.817361 0.0320312 0.0513889
0 0.239453 0.285417 0.0289063 0.0458333
0 0.579687 0.340972 0.0328125 0.0486111
0 0.540234 0.384028 0.0289063 0.0402778
0 0.142578 0.791667 0.0289063 0.0444444
0 0.496094 0.9125 0.0328125 0.0527778
0 0.896875 0.942361 0.0265625 0.0430556
0 0.71875 0.20625 0.0296875 0.0402778
0 0.190234 0.354167 0.0273438 0.0472222
0 0.222266 0.809028 0.0273438 0.0430556
0 0.0792969 0.78125 0.0257812 0.0486111
0 0.376563 0.70625 0.034375 0.0513889
