0 0.233594 0.366667 0.0234375 0.0388889
0 0.398047 0.552083 0.0273438 0.0402778
0 0.717188 0.1625 0.03125 0.0416667
0 0.372656 0.907639 0.028125 0.0458333
0 0.707422 0.229167 0.0304688 0.0444444
0 0.435937 0.19375 0.028125 0.0430556
0 0.244922 0.119444 0.0273438 0.0444444
0 0.136328 0.398611 0.0273438 0.0444444
0 0.0296875 0.614583 0.0234375 0.0375
0 0.819141 0.679167 0.0335938 0.05
0 0.641797 0.0243056 0.0351562 0.0458333
0 0.367969 0.124306 0.0296875 0.0430556
0 0.420703 0.316667 0.0273438 0.0416667
0 0.886719 0.520833 0.0328125 0.0527778
0 0.725 0.0666667 0.028125 0.0416667
0 0.337109 0.797222 0.0304688 0.0472222
0 0.0339844 0.648611 0.0226563 0.0388889
0 0.594141 0.524306 0.0289063 0.0458333
0 0.116016 0.161111 0.0242187 0.0388889
0 0.359766 0.625 0.0257812 0.0444444
0 0.144141 0.610417 0.0257812 0.0458333
0 0.173438 0.08125 0.028125 0.0458333
0 0.232422 0.275 0.0273438 0.0444444
0 0.907031 0.793056 0.028125 0.0416667
0 0.283984 0.239583 0.0273438 0.0458333
0 0.122266 0.629861 0.0257812 0.0458333
0 0.482031 0.235417 0.03125 0.0486111
0 0.913281 0.439583 0.03125 0.0430556
0 0.265234 0.421528 0.0273438 0.0430556
0 0.104687 0.534028 0.0265625 0.0486111
0 0.982813 0.495139 0.0296875 0.0430556
0 0.485156 0.857639 0.0296875 0.0541667
0 0.466406 0.509028 0.0328125 0.0513889
0 0.622656 0.593056 0.0328125 0.0555556
0 0.302344 0.606944 0.0296875 0.0527778
0 0.133984 0.303472 0.0320312 0.0513889
0 0.579297 0.960417 0.0320312 0.0486111
0 0.526953 0.672222 0.0320312 0.0527778
