0 0.0484375 0.0159722 0.0296875 0.0291667
0 0.982813 0.0659722 0.025 0.0402778
0 0.351172 0.581944 0.0289063 0.0472222
0 0.8 0.347917 0.03125 0.0458333
0 0.570312 0.540278 0.03125 0.0472222
0 0.432813 0.449306 0.03125 0.0458333
0 0.623047 0.716667 0.0367187 0.0555556
0 0.794531 0.284028 0.0328125 0.0458333
0 0.158984 0.788194 0.0257812 0.0458333
0 0.819922 0.879861 0.0335938 0.0541667
0 0.244141 0.715278 0.0273438 0.0416667
0 0.114063 0.74375 0.0265625 0.0430556
0 0.887891 0.536111 0.0289063 0.0472222
0 0.486328 0.08125 0.0320312 0.0458333
0 0.970703 0.810417 0.0320312 0.0486111
0 0.945703 0.969444 0.0304688 0.05
0 0.626172 0.550694 0.0304688 0.0430556
0 0.777734 0.690972 0.0351562 0.0569444
0 0.390234 0.733333 0.0304688 0.0444444
0 0.686328 0.463889 0.0289063 0.0472222
0 0.0726563 0.481944 0.0296875 0.05
0 0.353125 0.0743056 0.0328125 0.0513889
0 0.528906 0.521528 0.0296875 0.0430556
0 0.0199219 0.434722 0.0226563 0.0333333
0 0.025 0.560417 0.025 0.0402778
0 0.0589844 0.411806 0.0273438 0.0486111
0 0.0683594 0.949306 0.0273438 0.0430556
0 0.025 0.647222 0.0265625 0.0444444
0 0.446875 0.346528 0.034375 0.0486111
0 0.297656 0.776389 0.028125 0.0416667
0 0.0796875 0.673611 0.0265625 0.0416667
0 0.321484 0.240278 0.0320312 0.0472222
0 0.508594 0.445139 0.034375 0.0486111
0 0.929688 0.381944 0.03125 0.0472222
0 0.201562 0.936806 0.0296875 0.0513889
0 0.647656 0.345833 0.0296875 0.0416667
0 0.702344 0.359028 0.0328125 0.0541667
0 0.614844 0.864583 0.0296875 0.0513889
0 0.392188 0.375694 0.034375 0.0486111
