0 0.461328 0.717361 0.0289063 0.0652778
0 0.364453 0.320139 0.0273438 0.0430556
0 0.792578 0.775694 0.0320312 0.0430556
0 0.513281 0.568056 0.0296875 0.0527778
0 0.603125 0.720139 0.03125 0.0402778
0 0.803906 0.0256944 0.034375 0.0458333
0 0.758203 0.429167 0.0351562 0.0444444
0 0.594141 0.304861 0.0335938 0.0430556
0 0.423047 0.286806 0.0335938 0.0458333
0 0.380859 0.317361 0.0335938 0.0458333
0 0.842969 0.570139 0.0359375 0.0430556
0 0.155078 0.0847222 0.0289063 0.0416667
0 0.607422 0.825 0.0304688 0.0472222
0 0.250391 0.734722 0.0242187 0.0361111
0 0.929297 0.26875 0.0304688 0.0458333
0 0.219141 0.894444 0.0304688 0.0444444
0 0.11875 0.122917 0.0265625 0.0375
0 0.169531 0.703472 0.0296875 0.0375
0 0.0539063 0.340972 0.0234375 0.0347222
0 0.0617188 0.733333 0.0265625 0.0388889
0 0.380078 0.149306 0.0289063 0.0402778
0 0.202344 0.351389 0.0296875 0.0388889
0 0.370703 0.270139 0.0335938 0.0430556
0 0.299609 0.699306 0.0304688 0.0402778
0 0.296094 0.474306 0.0296875 0.0375
0 0.391016 0.575694 0.0289063 0.0486111
0 0.104687 0.9125 0.0296875 0.0388889
0 0.913672 0.905556 0.0289063 0.0555556
0 0.438281 0.343056 0.0328125 0.0444444
0 0.807031 0.388194 0.028125 0.0458333
0 0.377344 0.804861 0.028125 0.0402778
0 0.450781 0.761111 0.028125 0.05
0 0.430078 0.886111 0.0304688 0.0416667
0 0.466797 0.703472 0.0304688 0.0486111
0 0.765625 0.684722 0.028125 0.0527778
