0 0.404687 0.318056 0.034375 0.0527778
0 0.997266 0.320139 0.00546875 0.0458333
0 0.876953 0.0333333 0.0335938 0.0583333
0 0.483984 0.270833 0.0304688 0.0444444
0 0.447266 0.0680556 0.0304688 0.0444444
0 0.806641 0.652083 0.0335938 0.0597222
0 0.759375 0.809028 0.03125 0.0486111
0 0.472266 0.981944 0.0335938 0.0361111
0 0.799609 0.416667 0.0382813 0.0638889
0 0.774219 0.0958333 0.0359375 0.0527778
0 0.619922 0.454167 0.0335938 0.0472222
0 0.410937 0.618056 0.03125 0.0527778
0 0.307031 0.276389 0.028125 0.0416667
0 0.595703 0.559028 0.0335938 0.0513889
0 0.959766 0.477778 0.0367187 0.0527778
0 0.934375 0.6625 0.0421875 0.0611111
0 0.358984 0.0902778 0.0320312 0.0583333
0 0.391797 0.359722 0.0289063 0.0472222
0 0.0238281 0.716667 0.0257812 0.0444444
0 0.444531 0.195139 0.028125 0.0402778
0 0.257812 0.716667 0.028125 0.0472222
0 0.241797 0.833333 0.0335938 0.0611111
0 0.230469 0.184028 0.0359375 0.0708333
0 0.645312 0.568056 0.03125 0.0472222
0 0.982422 0.7875 0.0289063 0.0388889
0 0.805469 0.295833 0.03125 0.0527778
0 0.735156 0.685417 0.0296875 0.0458333
0 0.839453 0.354167 0.0304688 0.0555556
0 0.948438 0.897222 0.03125 0.0472222
0 0.414062 0.302083 0.028125 0.0430556
0 0.555469 0.843056 0.03125 0.0527778
