0 0.631641 0.435417 0.0289063 0.0541667
0 0.219141 0.549306 0.0257812 0.0430556
0 0.327734 0.0347222 0.0335938 0.0444444
0 0.00390625 0.341667 0.0078125 0.0416667
0 0.0988281 0.275 0.0257812 0.0472222
0 0.535937 0.276389 0.0265625 0.0388889
0 0.633203 0.419444 0.0257812 0.0361111
0 0.813281 0.0611111 0.028125 0.0416667
0 0.228125 0.244444 0.025 0.0305556
0 0.515234 0.570139 0.0335938 0.0430556
0 0.248437 0.102778 0.0296875 0.0388889
0 0.0101562 0.859028 0.0203125 0.0375
0 0.670313 0.136111 0.03125 0.0472222
0 0.04375 0.95 0.025 0.0361111
0 0.515234 0.223611 0.0320312 0.05
0 0.714063 0.723611 0.03125 0.0472222
0 0.420312 0.745833 0.0296875 0.0388889
0 0.630469 0.45625 0.0296875 0.0458333
0 0.426172 0.649306 0.0289063 0.0458333
0 0.121094 0.272222 0.0234375 0.0361111
0 0.419531 0.970139 0.028125 0.0458333
0 0.380859 0.119444 0.0273438 0.05
0 0.182812 0.765278 0.028125 0.0444444
0 0.769922 0.428472 0.0320312 0.0486111
0 0.405078 0.804861 0.0289063 0.0402778
0 0.958984 0.154861 0.0320312 0.0513889
0 0.660156 0.673611 0.028125 0.0416667
0 0.405469 0.930556 0.0328125 0.0472222
0 0.560938 0.886111 0.028125 0.0472222
