0 0.453516 0.5625 0.0257812 0.0416667
0 0.360938 0.424306 0.0265625 0.0402778
0 0.0152344 0.972917 0.0226563 0.0347222
0 0.994531 0.529861 0.0109375 0.0541667
0 0.00625 0.192361 0.0125 0.0375
0 0.378516 0.222222 0.0304688 0.0416667
0 0.0285156 0.661111 0.0210938 0.0333333
0 0.501953 0.815278 0.0382813 0.05
0 0.313672 0.414583 0.0273438 0.0375
0 0.413281 0.888194 0.0359375 0.0458333
0 0.021875 0.694444 0.0265625 0.0388889
0 0.990234 0.479167 0.0195312 0.05
0 0.860547 0.865972 0.0320312 0.0597222
0 0.0539063 0.588889 0.025 0.0361111
0 0.360547 0.877778 0.0304688 0.0416667
0 0.0121094 0.514583 0.0242187 0.0375
0 0.139844 0.652778 0.028125 0.0472222
0 0.18125 0.941667 0.0375 0.0472222
0 0.416406 0.942361 0.0296875 0.0458333
0 0.763281 0.663194 0.03125 0.0597222
0 0.0566406 0.472917 0.0257812 0.0375
0 0.150781 0.760417 0.0328125 0.0458333
0 0.0414063 0.243056 0.025 0.0361111
0 0.415625 0.729167 0.0296875 0.0472222
0 0.0128906 0.384028 0.0226563 0.0375
0 0.183594 0.367361 0.028125 0.0375
0 0.286328 0.596528 0.0257812 0.0458333
0 0.416406 0.423611 0.03125 0.0527778
0 0.251172 0.43125 0.0304688 0.0486111
