0 0.0332031 0.318056 0.0304688 0.0416667
0 0.150781 0.150694 0.0296875 0.0486111
0 0.798047 0.225694 0.0304688 0.0402778
0 0.682813 0.0715278 0.0234375 0.0319444
0 0.132812 0.9875 0.0265625 0.0222222
0 0.377734 0.29375 0.0320312 0.0458333
0 0.913281 0.0326389 0.028125 0.0569444
0 0.498828 0.722917 0.0289063 0.0486111
0 0.814453 0.323611 0.0320312 0.05
0 0.195312 0.619444 0.0265625 0.0444444
0 0.503906 0.102778 0.03125 0.05
0 0.55 0.501389 0.03125 0.0527778
0 0.703906 0.409028 0.0390625 0.0541667
0 0.989453 0.836111 0.0210938 0.0555556
0 0.942187 0.3375 0.0328125 0.0527778
0 0.815234 0.148611 0.0320312 0.0472222
0 0.988672 0.686806 0.0210938 0.0513889
0 0.0949219 0.122917 0.0273438 0.0430556
0 0.0144531 0.855556 0.0226563 0.0388889
0 0.619531 0.1375 0.0359375 0.0527778
0 0.4375 0.796528 0.034375 0.0513889
0 0.53125 0.1 0.0296875 0.0527778
0 0.346875 0.213194 0.03125 0.0486111
0 0.603906 0.253472 0.0265625 0.0375
0 0.148828 0.548611 0.0273438 0.0444444
0 0.223047 0.423611 0.0257812 0.0416667
0 0.107031 0.571528 0.0265625 0.0458333
0 0.659766 0.225 0.0304688 0.0527778
0 0.957422 0.51875 0.0289063 0.0486111
0 0.160156 0.898611 0.0265625 0.0388889
0 0.857813 0.8375 0.0296875 0.0472222
0 0.469922 0.688889 0.0273438 0.0444444
0 0.901953 0.420139 0.0320312 0.0486111
0 0.598828 0.796528 0.0304688 0.0513889
0 0.766797 0.666667 0.0320312 0.05
