0 0.996875 0.73125 0.00625 0.0430556
0 0.137891 0.914583 0.0257812 0.0402778
0 0.00898437 0.595139 0.0164062 0.0458333
0 0.994922 0.367361 0.0101562 0.0513889
0 0.928125 0.916667 0.0265625 0.0472222
0 0.375781 0.305556 0.0265625 0.0416667
0 0.353906 0.918056 0.025 0.0444444
0 0.632812 0.329167 0.0328125 0.0444444
0 0.220313 0.0736111 0.028125 0.0416667
0 0.591406 0.195833 0.0328125 0.0444444
0 0.64375 0.0291667 0.0296875 0.0416667
0 0.369531 0.90625 0.0296875 0.0430556
0 0.474219 0.0166667 0.025 0.0333333
0 0.75 0.200694 0.0296875 0.0402778
0 0.0757812 0.486111 0.0265625 0.0416667
0 0.763281 0.891667 0.03125 0.0416667
0 0.562891 0.354167 0.0367187 0.05
0 0.250391 0.0465278 0.0273438 0.0402778
0 0.0414063 0.580556 0.0296875 0.05
0 0.739062 0.1375 0.034375 0.0472222
0 0.323047 0.295833 0.0304688 0.0444444
0 0.361328 0.0208333 0.0335938 0.0416667
0 0.161719 0.718056 0.028125 0.0361111
0 0.599609 0.474306 0.0304688 0.0430556
0 0.1 0.915972 0.028125 0.0430556
0 0.705469 0.591667 0.0296875 0.05
0 0.746875 0.797222 0.0296875 0.0416667
0 0.967578 0.442361 0.0273438 0.0513889
0 0.533203 0.593056 0.0273438 0.0388889
0 0.533984 0.935417 0.0304688 0.0430556
