0 0.412109 0.885417 0.0289063 0.0375
0 0.940625 0.656944 0.0078125 0.0138889
0 0.989453 0.411806 0.0210938 0.0402778
0 0.482812 0.0118056 0.03125 0.0180556
0 0.841797 0.925694 0.0335938 0.0430556
0 0.396094 0.151389 0.0296875 0.0444444
0 0.60625 0.960417 0.034375 0.0458333
0 0.299219 0.278472 0.025 0.0402778
0 0.435937 0.773611 0.028125 0.0416667
0 0.385938 0.877083 0.034375 0.0458333
0 0.366797 0.152083 0.0289063 0.0402778
0 0.252344 0.386111 0.0265625 0.0444444
0 0.0558594 0.789583 0.0257812 0.0402778
0 0.0101562 0.477778 0.01875 0.0361111
0 0.598828 0.849306 0.0304688 0.0458333
0 0.723828 0.0326389 0.0289063 0.0513889
0 0.126172 0.182639 0.0257812 0.0430556
0 0.605469 0.663889 0.028125 0.0472222
0 0.929297 0.48125 0.0289063 0.0486111
0 0.0363281 0.345833 0.0242187 0.0388889
0 0.238672 0.798611 0.0335938 0.05
0 0.158984 0.770833 0.0289063 0.0416667
0 0.204297 0.831944 0.0273438 0.0444444
0 0.346875 0.0638889 0.0296875 0.05
