0 0.848437 0.645833 0.03125 0.0472222
0 0.975 0.722917 0.0296875 0.0513889
0 0.065625 0.5625 0.028125 0.0444444
0 0.846094 0.00972222 0.028125 0.0194444
0 0.421875 0.0666667 0.0296875 0.0444444
0 0.8625 0.0729167 0.03125 0.0541667
0 0.841016 0.711111 0.0320312 0.0444444
0 0.78125 0.952083 0.028125 0.0375
0 0.614062 0.238889 0.03125 0.0444444
0 0.860156 0.66875 0.028125 0.0430556
0 0.660156 0.518056 0.028125 0.0444444
0 0.0445312 0.948611 0.0265625 0.0388889
0 0.437109 0.363889 0.0289063 0.0416667
0 0.425391 0.621528 0.0304688 0.0486111
0 0.84375 0.634028 0.0265625 0.0402778
0 0.616797 0.715278 0.0335938 0.0444444
0 0.839453 0.0645833 0.0273438 0.0458333
0 0.691016 0.509722 0.0335938 0.05
0 0.783594 0.9 0.0375 0.0472222
0 0.269531 0.707639 0.028125 0.0486111
0 0.777344 0.342361 0.0296875 0.0430556
0 0.0703125 0.886806 0.028125 0.0541667
0 0.345703 0.743056 0.0304688 0.0555556
0 0.910547 0.107639 0.0289063 0.0458333
0 0.646875 0.60625 0.0296875 0.0430556
0 0.646094 0.779861 0.028125 0.0458333
0 0.762891 0.454861 0.0304688 0.0486111
0 0.398828 0.390278 0.0289063 0.05
0 0.723828 0.425 0.0304688 0.05
0 0.503125 0.715278 0.034375 0.0583333
