0 0.220313 0.0194444 0.0390625 0.0361111
0 0.875781 0.113889 0.0328125 0.0472222
0 0.363672 0.981944 0.0304688 0.0361111
0 0.647266 0.0229167 0.0351562 0.0458333
0 0.350391 0.03125 0.0320312 0.0430556
0 0.598047 0.234722 0.0351562 0.05
0 0.6375 0.561806 0.034375 0.0486111
0 0.120703 0.727083 0.0226563 0.0319444
0 0.80625 0.58125 0.034375 0.0458333
0 0.665234 0.527778 0.0335938 0.0416667
0 0.4875 0.251389 0.0296875 0.0444444
0 0.880469 0.240278 0.0359375 0.0527778
0 0.874219 0.04375 0.03125 0.0513889
0 0.8 0.744444 0.0359375 0.0472222
0 0.446875 0.825694 0.0328125 0.0458333
0 0.837109 0.448611 0.0335938 0.0444444
0 0.0636719 0.182639 0.0257812 0.0402778
0 0.771094 0.872222 0.0359375 0.0472222
0 0.413672 0.352778 0.0273438 0.0388889
0 0.926953 0.0430556 0.0304688 0.0583333
0 0.95625 0.367361 0.0296875 0.0513889
0 0.284375 0.8875 0.034375 0.0444444
0 0.216406 0.354167 0.03125 0.0444444
