0 0.45625 0.0652778 0.0296875 0.05
0 0.360938 0.677778 0.0265625 0.0444444
0 0.471484 0.676389 0.0273438 0.0444444
0 0.860937 0.927083 0.028125 0.0458333
0 0.419141 0.984722 0.0273438 0.0305556
0 0.663672 0.01875 0.0367187 0.0375
0 0.405859 0.75 0.0273438 0.0416667
0 0.414844 0.78125 0.0296875 0.0430556
0 0.767578 0.161111 0.0335938 0.0583333
0 0.478516 0.81875 0.0289063 0.0430556
0 0.656641 0.0597222 0.0351562 0.0527778
0 0.804688 0.967361 0.0296875 0.0430556
0 0.450781 0.0875 0.0265625 0.0416667
0 0.0621094 0.334722 0.0257812 0.0416667
0 0.575781 0.541667 0.034375 0.0444444
0 0.201953 0.895833 0.0257812 0.0416667
0 0.914844 0.552083 0.034375 0.0486111
0 0.460938 0.0444444 0.0296875 0.0472222
0 0.789062 0.506944 0.0359375 0.05
0 0.559766 0.985417 0.0335938 0.0291667
0 0.266797 0.88125 0.0257812 0.0402778
0 0.901172 0.972917 0.0367187 0.0513889
0 0.43125 0.0430556 0.0328125 0.0527778
0 0.360547 0.172222 0.0289063 0.0444444
0 0.397266 0.713889 0.0304688 0.0416667
0 0.4 0.525 0.0296875 0.0472222
0 0.824219 0.854167 0.0328125 0.0527778
0 0.24375 0.748611 0.0296875 0.0444444
0 0.0921875 0.240972 0.0265625 0.0402778
0 0.592188 0.76875 0.034375 0.0486111
0 0.0824219 0.8 0.0273438 0.0416667
0 0.0246094 0.705556 0.0242187 0.0444444
0 0.146484 0.836806 0.0273438 0.0402778
0 0.285937 0.254167 0.0296875 0.0444444
0 0.0582031 0.5375 0.0273438 0.0416667
0 0.075 0.0895833 0.0328125 0.0597222
0 0.872656 0.241667 0.03125 0.05
0 0.339453 0.352778 0.0289063 0.0416667
0 0.733203 0.919444 0.0335938 0.05
0 0.489062 0.475694 0.0296875 0.0458333
