0 0.498828 0.98125 0.0289063 0.0347222
0 0.50625 0.96875 0.0296875 0.0402778
0 0.511328 0.953472 0.0289063 0.0402778
0 0.0316406 0.914583 0.0242187 0.0375
0 0.976562 0.185417 0.03125 0.0458333
0 0.0175781 0.280556 0.0226563 0.0361111
0 0.85 0.14375 0.0265625 0.0513889
0 0.622266 0.0986111 0.0335938 0.05
0 0.105078 0.206944 0.0257812 0.0388889
0 0.904688 0.0986111 0.03125 0.0472222
0 0.117578 0.754861 0.0273438 0.0402778
0 0.487891 0.602083 0.0289063 0.0402778
0 0.326172 0.916667 0.0257812 0.0416667
0 0.0335938 0.455556 0.025 0.0361111
0 0.284375 0.0590278 0.03125 0.0458333
0 0.834375 0.738194 0.03125 0.0486111
0 0.433594 0.9375 0.0296875 0.0527778
0 0.860937 0.759028 0.0296875 0.0458333
0 0.194141 0.786806 0.0273438 0.0402778
0 0.26875 0.634028 0.028125 0.0458333
0 0.442969 0.670139 0.03125 0.0430556
0 0.295312 0.670139 0.028125 0.0375
0 0.127734 0.0416667 0.0289063 0.0444444
0 0.924219 0.567361 0.0265625 0.0458333
0 0.303125 0.838889 0.0296875 0.0416667
0 0.2 0.206944 0.028125 0.0361111
0 0.840625 0.484028 0.03125 0.0486111
0 0.480859 0.167361 0.0289063 0.0486111
0 0.182422 0.664583 0.0289063 0.0402778
0 0.127344 0.5 0.0265625 0.0388889
0 0.246875 0.881944 0.028125 0.0416667
0 0.578516 0.723611 0.0304688 0.0555556
0 0.569922 0.948611 0.0289063 0.0527778
0 0.514844 0.327083 0.028125 0.0458333
0 0.163281 0.494444 0.03125 0.0416667
0 0.611328 0.559028 0.0304688 0.0569444
0 0.335938 0.722222 0.0296875 0.0444444
0 0.225781 0.599306 0.0296875 0.0402778
