0 0.997656 0.278472 0.0046875 0.0430556
0 0.766406 0.238194 0.0265625 0.0347222
0 0.980469 0.107639 0.025 0.0347222
0 0.628516 0.281944 0.0304688 0.0444444
0 0.66875 0.990972 0.034375 0.0180556
0 0.849219 0.109722 0.028125 0.0361111
0 0.00625 0.915972 0.0125 0.0486111
0 0.148828 0.586806 0.0257812 0.0402778
0 0.957031 0.154861 0.025 0.0347222
0 0.144531 0.316667 0.028125 0.0444444
0 0.630469 0.809028 0.034375 0.0486111
0 0.580078 0.509722 0.0304688 0.0444444
0 0.0777344 0.770833 0.0242187 0.0388889
0 0.589453 0.542361 0.0335938 0.0458333
0 0.895703 0.0666667 0.0289063 0.0444444
0 0.198437 0.94375 0.0296875 0.0458333
0 0.632812 0.336111 0.0328125 0.0472222
0 0.537891 0.339583 0.0320312 0.0458333
0 0.140234 0.05 0.0273438 0.0388889
0 0.0695312 0.467361 0.025 0.0402778
0 0.820312 0.411111 0.03125 0.05
0 0.0949219 0.890972 0.0257812 0.0430556
0 0.280078 0.360417 0.0304688 0.0486111
0 0.619531 0.672222 0.0296875 0.0416667
0 0.545313 0.511806 0.028125 0.0430556
0 0.298047 0.567361 0.0289063 0.0458333
0 0.471484 0.329167 0.0289063 0.0472222
0 0.976562 0.920139 0.0296875 0.0486111
0 0.728906 0.652778 0.0265625 0.0416667
0 0.185547 0.0319444 0.0320312 0.05
0 0.223828 0.792361 0.0289063 0.0458333
0 0.108203 0.438194 0.0257812 0.0402778
0 0.247266 0.565972 0.0304688 0.0486111
0 0.654297 0.486111 0.0304688 0.0444444
0 0.547656 0.898611 0.0296875 0.0416667
0 0.403906 0.395833 0.0296875 0.05
