0 0.996875 0.540972 0.00625 0.0402778
0 0.997266 0.611806 0.00546875 0.0375
0 0.0855469 0.484722 0.0257812 0.0388889
0 0.858594 0.5625 0.0296875 0.0472222
0 0.0152344 0.489583 0.0257812 0.0430556
0 0.658203 0.5625 0.0367187 0.0444444
0 0.717578 0.351389 0.0382813 0.0444444
0 0.559375 0.272917 0.028125 0.0430556
0 0.0339844 0.220139 0.0210938 0.0375
0 0.435547 0.78125 0.0320312 0.0402778
0 0.960547 0.24375 0.0273438 0.0430556
0 0.984375 0.245139 0.028125 0.0458333
0 0.376172 0.345139 0.0289063 0.0430556
0 0.0324219 0.94375 0.0242187 0.0402778
0 0.961328 0.902778 0.0382813 0.0527778
0 0.555469 0.19375 0.028125 0.0375
0 0.405859 0.954861 0.0320312 0.0458333
0 0.296094 0.184722 0.0265625 0.0416667
0 0.351953 0.927778 0.0304688 0.0444444
0 0.585938 0.804861 0.0296875 0.0513889
0 0.598047 0.327778 0.0273438 0.0388889
0 0.405859 0.0298611 0.0273438 0.0430556
0 0.566016 0.576389 0.0289063 0.0472222
0 0.505859 0.374306 0.0398437 0.0541667
0 0.881641 0.865278 0.0304688 0.0527778
0 0.225781 0.928472 0.028125 0.0458333
0 0.358594 0.85625 0.03125 0.0458333
0 0.321875 0.963889 0.025 0.0361111
0 0.130078 0.540972 0.0304688 0.0458333
0 0.228906 0.484722 0.03125 0.0444444
