0 0.994922 0.3875 0.00859375 0.05
0 0.712109 0.0333333 0.0335938 0.0416667
0 0.686328 0.984722 0.0304688 0.0305556
0 0.648828 0.730556 0.0257812 0.0416667
0 0.5875 0.983333 0.0375 0.0333333
0 0.0316406 0.908333 0.0242187 0.0472222
0 0.349609 0.932639 0.0320312 0.0458333
0 0.331641 0.819444 0.0257812 0.0416667
0 0.196875 0.15625 0.0359375 0.0541667
0 0.596094 0.354167 0.0296875 0.0416667
0 0.9375 0.790278 0.034375 0.0472222
0 0.133984 0.511806 0.0289063 0.0513889
0 0.292188 0.647222 0.0265625 0.0444444
0 0.676953 0.723611 0.0304688 0.0444444
0 0.977734 0.865278 0.0320312 0.0444444
0 0.0144531 0.141667 0.0226563 0.0416667
0 0.0796875 0.516667 0.025 0.0472222
0 0.897266 0.314583 0.0351562 0.0597222
0 0.0171875 0.422222 0.0234375 0.0416667
0 0.362109 0.467361 0.0273438 0.0430556
0 0.798828 0.189583 0.0320312 0.0513889
0 0.891406 0.0465278 0.03125 0.0486111
0 0.389062 0.183333 0.0265625 0.0388889
0 0.242578 0.579167 0.0289063 0.0472222
0 0.719922 0.884028 0.0289063 0.0486111
0 0.271094 0.749306 0.0265625 0.0375
0 0.129688 0.957639 0.028125 0.0430556
0 0.16875 0.376389 0.03125 0.0527778
0 0.951953 0.490278 0.0320312 0.05
0 0.558203 0.614583 0.0320312 0.0486111
