0 0.579687 0.867361 0.0390625 0.0625
0 0.761328 0.0958333 0.0320312 0.05
0 0.980469 0.986806 0.0328125 0.0263889
0 0.952734 0.863889 0.0257812 0.0416667
0 0.407422 0.869444 0.0273438 0.0444444
0 0.936328 0.465278 0.0289063 0.0416667
0 0.333203 0.0847222 0.0304688 0.0444444
0 0.764453 0.0333333 0.0320312 0.05
0 0.0808594 0.0541667 0.0304688 0.05
0 0.552344 0.328472 0.034375 0.0597222
0 0.923047 0.792361 0.0320312 0.0486111
0 0.388281 0.911111 0.0375 0.0555556
0 0.924609 0.177083 0.0304688 0.0430556
0 0.0753906 0.458333 0.0257812 0.0444444
0 0.0859375 0.61875 0.028125 0.0486111
0 0.0921875 0.984028 0.028125 0.0319444
0 0.423438 0.427083 0.0296875 0.0430556
0 0.475781 0.59375 0.028125 0.0402778
0 0.332031 0.940972 0.0375 0.0625
0 0.861719 0.565972 0.03125 0.0458333
0 0.567969 0.44375 0.03125 0.0541667
0 0.289453 0.7875 0.0289063 0.05
0 0.480078 0.532639 0.0257812 0.0458333
0 0.0136719 0.161806 0.0257812 0.0458333
0 0.715625 0.136806 0.034375 0.0486111
0 0.465234 0.454167 0.0257812 0.0388889
0 0.525 0.534722 0.0296875 0.0555556
0 0.496484 0.336806 0.0320312 0.0458333
0 0.133203 0.621528 0.0289063 0.0597222
0 0.671875 0.309028 0.0296875 0.0402778
0 0.729297 0.647222 0.0304688 0.0555556
0 0.823047 0.684722 0.0320312 0.0611111
0 0.501953 0.482639 0.0304688 0.0486111
0 0.211719 0.852083 0.040625 0.0791667
0 0.321484 0.327778 0.0289063 0.0416667
0 0.189453 0.695833 0.0289063 0.0583333
