0 0.321484 0.736806 0.0257812 0.0458333
0 0.996875 0.109722 0.00625 0.0472222
0 0.992969 0.702083 0.0140625 0.0402778
0 0.862109 0.366667 0.0304688 0.0472222
0 0.778125 0.165278 0.0375 0.0583333
0 0.0390625 0.372917 0.025 0.0430556
0 0.908203 0.174306 0.0304688 0.0541667
0 0.725 0.695139 0.0328125 0.0513889
0 0.00820312 0.795833 0.0164062 0.0388889
0 0.926562 0.190972 0.0328125 0.0652778
0 0.169141 0.580556 0.0273438 0.0472222
0 0.26875 0.161111 0.0328125 0.05
0 0.252734 0.371528 0.0320312 0.0458333
0 0.307422 0.951389 0.0289063 0.0444444
0 0.696875 0.838889 0.0328125 0.0472222
0 0.317187 0.372917 0.025 0.0402778
0 0.767969 0.207639 0.028125 0.0458333
0 0.0242187 0.451389 0.028125 0.0472222
0 0.383594 0.880556 0.0328125 0.0472222
0 0.202734 0.397222 0.0289063 0.0388889
0 0.496875 0.218056 0.0296875 0.0444444
0 0.124219 0.340972 0.025 0.0430556
0 0.230859 0.351389 0.0257812 0.0444444
0 0.557031 0.7875 0.028125 0.05
0 0.837109 0.8625 0.0289063 0.05
0 0.331641 0.973611 0.0289063 0.0527778
0 0.08125 0.955556 0.03125 0.0444444
0 0.463281 0.0722222 0.034375 0.0666667
0 0.948438 0.640972 0.0296875 0.0458333
0 0.80625 0.0520833 0.0328125 0.0541667
0 0.247266 0.826389 0.0273438 0.0472222
0 0.287109 0.493056 0.0304688 0.0527778
0 0.445703 0.588889 0.0273438 0.0472222
0 0.620703 0.872917 0.0304688 0.0513889
0 0.283203 0.730556 0.0289063 0.05
0 0.424219 0.450694 0.0296875 0.0513889
