0 0.651172 0.967361 0.0273438 0.0430556
0 0.727344 0.990278 0.0265625 0.0194444
0 0.755859 0.220833 0.0367187 0.05
0 0.444922 0.929861 0.0289063 0.0458333
0 0.117969 0.4 0.028125 0.0444444
0 0.95 0.790972 0.0328125 0.0402778
0 0.00820312 0.952778 0.0164062 0.0416667
0 0.416406 0.263194 0.0265625 0.0402778
0 0.945703 0.922222 0.0226563 0.0305556
0 0.546094 0.336111 0.0390625 0.05
0 0.290234 0.171528 0.0289063 0.0430556
0 0.467578 0.545139 0.0351562 0.0486111
0 0.738672 0.470139 0.0320312 0.0486111
0 0.419141 0.600694 0.0273438 0.0458333
0 0.830469 0.709028 0.0328125 0.0486111
0 0.321094 0.100694 0.028125 0.0486111
0 0.691797 0.414583 0.0289063 0.0430556
0 0.0617188 0.710417 0.0265625 0.0458333
0 0.832812 0.895139 0.0265625 0.0458333
0 0.775391 0.154861 0.0289063 0.0430556
0 0.584375 0.208333 0.028125 0.05
0 0.172266 0.638194 0.0273438 0.0458333
0 0.203516 0.477778 0.0289063 0.05
0 0.146484 0.574306 0.0273438 0.0458333
0 0.322656 0.500694 0.03125 0.0513889
0 0.973047 0.621528 0.0289063 0.0430556
0 0.615625 0.960417 0.0296875 0.0541667
