0 0.06875 0.529861 0.025 0.0430556
0 0.798828 0.718056 0.0335938 0.05
0 0.641797 0.231944 0.0289063 0.0416667
0 0.246484 0.207639 0.0289063 0.0430556
0 0.725781 0.879167 0.03125 0.0527778
0 0.437891 0.984722 0.0304688 0.0305556
0 0.895312 0.465972 0.028125 0.0402778
0 0.927344 0.0833333 0.0296875 0.0527778
0 0.0796875 0.409722 0.0296875 0.0472222
0 0.855469 0.185417 0.028125 0.0541667
0 0.904297 0.794444 0.0320312 0.05
0 0.357812 0.963889 0.0265625 0.0388889
0 0.191406 0.0159722 0.028125 0.0319444
0 0.00898437 0.279167 0.0179687 0.0416667
0 0.2375 0.0881944 0.028125 0.0430556
0 0.753516 0.719444 0.0382813 0.0555556
0 0.786719 0.232639 0.0328125 0.0541667
0 0.01875 0.509722 0.021875 0.0388889
0 0.348047 0.715278 0.0289063 0.0444444
0 0.832812 0.790972 0.0328125 0.0541667
0 0.429297 0.520139 0.0289063 0.0430556
0 0.882812 0.613889 0.034375 0.0527778
0 0.521875 0.805556 0.03125 0.0527778
0 0.338281 0.224306 0.021875 0.0375
0 0.789453 0.183333 0.0335938 0.0444444
0 0.130469 0.781944 0.0265625 0.0444444
0 0.45 0.182639 0.0265625 0.0402778
0 0.641406 0.640278 0.0359375 0.0555556
0 0.0402344 0.465278 0.0242187 0.0416667
0 0.267188 0.241667 0.028125 0.0472222
0 0.503906 0.204167 0.0296875 0.0472222
0 0.646094 0.359722 0.0328125 0.0527778
0 0.436328 0.924306 0.0257812 0.0375
0 0.395703 0.55 0.0289063 0.0444444
0 0.7625 0.654167 0.03125 0.05
0 0.361719 0.778472 0.034375 0.0541667
0 0.580859 0.536111 0.0320312 0.0555556
0 0.401172 0.774306 0.0273438 0.0458333
0 0.939844 0.66875 0.0328125 0.0513889
0 0.684375 0.784028 0.0328125 0.0541667
0 0.361719 0.624306 0.03125 0.0486111
0 0.209766 0.973611 0.0320312 0.05
