0 0.475781 0.989583 0.0296875 0.0180556
0 0.458594 0.679167 0.0234375 0.0416667
0 0.666016 0.991667 0.0273438 0.0166667
0 0.196875 0.174306 0.028125 0.0430556
0 0.414062 0.990278 0.0328125 0.0194444
0 0.0269531 0.963194 0.0242187 0.0402778
0 0.992969 0.625 0.0140625 0.0527778
0 0.319922 0.429167 0.0273438 0.0444444
0 0.571875 0.629861 0.03125 0.0458333
0 0.773438 0.202083 0.028125 0.0402778
0 0.970312 0.977083 0.034375 0.0402778
0 0.385156 0.829861 0.028125 0.0486111
0 0.926172 0.0326389 0.0398437 0.0513889
0 0.864844 0.183333 0.0296875 0.0472222
0 0.725 0.403472 0.03125 0.0458333
0 0.313672 0.702083 0.0320312 0.0458333
0 0.577344 0.709028 0.0265625 0.0430556
0 0.734766 0.829861 0.0335938 0.0569444
0 0.802344 0.620139 0.03125 0.0513889
0 0.0925781 0.618056 0.0273438 0.0416667
0 0.441016 0.877083 0.0367187 0.0541667
0 0.946094 0.765972 0.03125 0.0458333
0 0.548047 0.60625 0.0304688 0.0458333
0 0.841406 0.802083 0.0265625 0.0430556
0 0.461719 0.5125 0.0296875 0.0416667
0 0.694922 0.176389 0.0304688 0.05
0 0.201172 0.756944 0.0289063 0.0416667
0 0.145313 0.940278 0.03125 0.05
0 0.425 0.400694 0.03125 0.0402778
0 0.25 0.715278 0.0296875 0.0444444
0 0.786328 0.51875 0.0289063 0.0458333
0 0.35 0.609028 0.0296875 0.0402778
0 0.391797 0.292361 0.0304688 0.0402778
