0 0.467578 0.553472 0.0273438 0.0402778
0 0.602734 0.775 0.0304688 0.0694444
0 0.989062 0.186111 0.01875 0.0361111
0 0.533203 0.0423611 0.0320312 0.0625
0 0.302734 0.39375 0.0257812 0.0347222
0 0.319531 0.0451389 0.0265625 0.0402778
0 0.351953 0.761806 0.0273438 0.0402778
0 0.602344 0.799306 0.03125 0.0458333
0 0.725 0.985417 0.0359375 0.0291667
0 0.403125 0.159028 0.0296875 0.0430556
0 0.369141 0.0534722 0.0289063 0.0458333
0 0.736328 0.0277778 0.0320312 0.0472222
0 0.965625 0.944444 0.028125 0.0444444
0 0.625391 0.635417 0.0273438 0.0430556
0 0.317187 0.570833 0.0265625 0.0416667
0 0.58125 0.128472 0.0265625 0.0347222
0 0.803125 0.536806 0.0296875 0.0430556
0 0.351953 0.688194 0.0320312 0.0486111
0 0.966016 0.18125 0.0304688 0.0513889
0 0.465234 0.940278 0.0304688 0.05
0 0.414062 0.638194 0.034375 0.0569444
0 0.942578 0.288889 0.0289063 0.0444444
0 0.450781 0.605556 0.0328125 0.05
0 0.957422 0.652083 0.0257812 0.0402778
0 0.307422 0.429861 0.0289063 0.0458333
0 0.990234 0.859722 0.0195312 0.05
0 0.433203 0.448611 0.0320312 0.0472222
0 0.652734 0.230556 0.0320312 0.0416667
0 0.118359 0.3625 0.0273438 0.0416667
0 0.983203 0.593056 0.0304688 0.0472222
0 0.621875 0.319444 0.03125 0.0444444
0 0.103125 0.915278 0.028125 0.05
0 0.685156 0.506944 0.03125 0.0444444
0 0.663672 0.399306 0.0304688 0.0569444
0 0.26875 0.185417 0.0328125 0.0458333
0 0.277734 0.0972222 0.0289063 0.0416667
0 0.857813 0.598611 0.0296875 0.05
0 0.604688 0.754167 0.0296875 0.0416667
0 0.598047 0.378472 0.0304688 0.0430556
0 0.883984 0.471528 0.0304688 0.0513889
0 0.201172 0.663889 0.0304688 0.05
0 0.660937 0.673611 0.0359375 0.0555556
