0 0.996484 0.386806 0.00703125 0.0430556
0 0.166016 0.384028 0.0304688 0.0430556
0 0.0929687 0.73125 0.0234375 0.0402778
0 0.0078125 0.498611 0.015625 0.0416667
0 0.179297 0.959722 0.0289063 0.0444444
0 0.764453 0.569444 0.0335938 0.0527778
0 0.0667969 0.173611 0.0304688 0.05
0 0.0554687 0.467361 0.028125 0.0458333
0 0.528125 0.025 0.03125 0.0444444
0 0.827344 0.377083 0.0328125 0.0513889
0 0.550781 0.657639 0.03125 0.0486111
0 0.25625 0.21875 0.034375 0.0513889
0 0.955469 0.411111 0.0296875 0.0444444
0 0.861328 0.152778 0.0320312 0.0472222
0 0.964063 0.306944 0.03125 0.0527778
0 0.750781 0.80625 0.034375 0.0513889
0 0.869141 0.4125 0.0351562 0.0527778
0 0.391016 0.459722 0.0242187 0.0333333
0 0.913281 0.583333 0.034375 0.0555556
0 0.501172 0.359722 0.0289063 0.0416667
0 0.15625 0.618056 0.0265625 0.0444444
0 0.760938 0.352778 0.0359375 0.0555556
0 0.191016 0.63125 0.0273438 0.0458333
0 0.778906 0.878472 0.03125 0.0513889
0 0.239063 0.629861 0.028125 0.0458333
0 0.816406 0.665278 0.0296875 0.05
0 0.430078 0.570833 0.0289063 0.0416667
0 0.836719 0.268056 0.0328125 0.0472222
0 0.46875 0.910417 0.0296875 0.0513889
0 0.242188 0.852083 0.03125 0.0486111
0 0.873047 0.661111 0.0304688 0.0527778
0 0.150781 0.518056 0.028125 0.0444444
0 0.121484 0.706944 0.0304688 0.05
