0 0.155859 0.992361 0.0273438 0.0152778
0 0.234766 0.634028 0.0257812 0.0402778
0 0.578125 0.620833 0.028125 0.0444444
0 0.995313 0.977778 0.009375 0.0444444
0 0.994531 0.272222 0.0109375 0.0527778
0 0.972656 0.0506944 0.0328125 0.0513889
0 0.787109 0.228472 0.0320312 0.0486111
0 0.860547 0.127083 0.0289063 0.0486111
0 0.896875 0.109028 0.0296875 0.0486111
0 0.85625 0.0833333 0.025 0.0388889
0 0.771484 0.715972 0.0304688 0.0430556
0 0.540625 0.659722 0.0328125 0.0416667
0 0.369922 0.620139 0.0351562 0.0458333
0 0.273438 0.0930556 0.0296875 0.0388889
0 0.134766 0.283333 0.0289063 0.0388889
0 0.390234 0.902778 0.0289063 0.05
0 0.570703 0.667361 0.0304688 0.0430556
0 0.605859 0.820833 0.0351562 0.0555556
0 0.790625 0.293056 0.03125 0.0472222
0 0.0164062 0.438194 0.0265625 0.0402778
0 0.09375 0.165972 0.0265625 0.0375
0 0.93125 0.177778 0.03125 0.0583333
0 0.361719 0.3125 0.0265625 0.0333333
0 0.763672 0.476389 0.0289063 0.0611111
0 0.440625 0.452083 0.0296875 0.0375
0 0.168359 0.816667 0.0304688 0.0472222
0 0.714844 0.699306 0.028125 0.0458333
0 0.33125 0.504861 0.0296875 0.0375
0 0.377344 0.395139 0.028125 0.0458333
0 0.609766 0.58125 0.0273438 0.0541667
0 0.246875 0.0527778 0.0296875 0.0416667
0 0.322266 0.936806 0.0304688 0.0430556
0 0.851172 0.784028 0.0304688 0.0597222
0 0.912109 0.252778 0.0304688 0.0583333
