0 0.595312 0.0104167 0.0265625 0.0208333
0 0.991797 0.813194 0.0164062 0.0486111
0 0.0371094 0.945139 0.0257812 0.0430556
0 0.770312 0.983333 0.028125 0.0333333
0 0.009375 0.834028 0.01875 0.0402778
0 0.00976562 0.734722 0.0195312 0.0416667
0 0.844141 0.622222 0.0304688 0.0472222
0 0.417578 0.371528 0.0273438 0.0430556
0 0.0640625 0.66875 0.025 0.0430556
0 0.903516 0.122917 0.0320312 0.0541667
0 0.567969 0.264583 0.0328125 0.0458333
0 0.675 0.563194 0.0359375 0.0513889
0 0.378906 0.815278 0.0265625 0.0416667
0 0.514063 0.59375 0.03125 0.0430556
0 0.525781 0.10625 0.0265625 0.0402778
0 0.0660156 0.544444 0.0273438 0.0444444
0 0.392188 0.311806 0.03125 0.0513889
0 0.437109 0.975694 0.0351562 0.0458333
0 0.373437 0.460417 0.0296875 0.0458333
0 0.260547 0.268056 0.0320312 0.0444444
0 0.862109 0.245833 0.0304688 0.0416667
0 0.552344 0.100694 0.0296875 0.0458333
0 0.744531 0.822222 0.0328125 0.0527778
0 0.724219 0.509722 0.0328125 0.05
0 0.676172 0.204167 0.0304688 0.0444444
0 0.265625 0.681944 0.0296875 0.0416667
0 0.228906 0.429167 0.0296875 0.0472222
0 0.217578 0.929167 0.0304688 0.05
0 0.304297 0.85 0.0320312 0.0583333
0 0.874609 0.695833 0.0289063 0.0472222
0 0.0351562 0.35 0.0265625 0.0527778
