0 0.404297 0.817361 0.0289063 0.0458333
0 0.885547 0.745833 0.0320312 0.0444444
0 0.990234 0.734722 0.0195312 0.0416667
0 0.701172 0.470833 0.0351562 0.0527778
0 0.986719 0.778472 0.0265625 0.0458333
0 0.665625 0.0229167 0.0328125 0.0430556
0 0.193359 0.809722 0.0289063 0.0472222
0 0.0777344 0.272222 0.0242187 0.0388889
0 0.0128906 0.608333 0.0210938 0.0361111
0 0.369141 0.980556 0.0289063 0.0388889
0 0.146875 0.211111 0.028125 0.0472222
0 0.26875 0.634028 0.028125 0.0430556
0 0.791016 0.666667 0.0304688 0.05
0 0.151953 0.0708333 0.0273438 0.0444444
0 0.276953 0.232639 0.0257812 0.0402778
0 0.313672 0.842361 0.0257812 0.0402778
0 0.873438 0.295139 0.025 0.0402778
0 0.977734 0.888889 0.0242187 0.0388889
0 0.510938 0.836111 0.0328125 0.0527778
0 0.125 0.947917 0.028125 0.0458333
0 0.645703 0.2375 0.0335938 0.0555556
0 0.225781 0.727083 0.0296875 0.0430556
