0 0.578906 0.140278 0.03125 0.0472222
0 0.635938 0.0930556 0.025 0.0388889
0 0.260547 0.454167 0.0242187 0.0388889
0 0.133984 0.481944 0.0289063 0.0444444
0 0.739844 0.340972 0.0265625 0.0375
0 0.747266 0.0236111 0.0304688 0.0388889
0 0.988281 0.541667 0.021875 0.0444444
0 0.143359 0.49375 0.0273438 0.0458333
0 0.596484 0.0138889 0.0289063 0.025
0 0.0125 0.145139 0.021875 0.0402778
0 0.825 0.758333 0.025 0.0444444
0 0.746875 0.599306 0.028125 0.0402778
0 0.414062 0.111111 0.0296875 0.0416667
0 0.733594 0.5375 0.0265625 0.0388889
0 0.399219 0.477083 0.028125 0.0430556
0 0.930469 0.677083 0.0328125 0.0513889
0 0.160547 0.925 0.0289063 0.0444444
0 0.789453 0.4625 0.0320312 0.0444444
0 0.504687 0.871528 0.0328125 0.0513889
0 0.847656 0.768056 0.028125 0.05
0 0.410937 0.404861 0.0296875 0.0458333
0 0.904688 0.183333 0.0265625 0.0444444
0 0.806641 0.713194 0.0320312 0.0513889
0 0.270703 0.0222222 0.0289063 0.0444444
0 0.0683594 0.957639 0.0273438 0.0486111
0 0.794531 0.380556 0.0296875 0.0472222
0 0.451172 0.417361 0.0304688 0.0458333
0 0.76875 0.397917 0.0296875 0.0486111
0 0.973047 0.15 0.0289063 0.0444444
0 0.239453 0.398611 0.0289063 0.0472222
0 0.722656 0.702778 0.0296875 0.0472222
0 0.276953 0.688194 0.0273438 0.0486111
0 0.896094 0.69375 0.0296875 0.0486111
0 0.616016 0.640278 0.0289063 0.0444444
0 0.547656 0.961111 0.028125 0.05
0 0.894922 0.802778 0.0304688 0.05
0 0.794531 0.204167 0.03125 0.05
0 0.883203 0.390278 0.0289063 0.0444444
0 0.626562 0.479167 0.034375 0.0583333
0 0.836328 0.663194 0.0320312 0.0513889
0 0.233984 0.636806 0.0273438 0.0486111
0 0.555078 0.395833 0.0304688 0.0527778
