0 0.0921875 0.932639 0.0265625 0.0347222
0 0.946094 0.326389 0.03125 0.0444444
0 0.0207031 0.0743056 0.0289063 0.0458333
0 0.0945313 0.914583 0.028125 0.0402778
0 0.028125 0.709028 0.0234375 0.0375
0 0.863281 0.65625 0.0359375 0.0458333
0 0.787891 0.363889 0.0289063 0.0416667
0 0.292969 0.985417 0.03125 0.0291667
0 0.0625 0.0652778 0.0265625 0.0416667
0 0.533594 0.200694 0.0375 0.0541667
0 0.116797 0.295833 0.0257812 0.0416667
0 0.987109 0.545833 0.0242187 0.0472222
0 0.460938 0.124306 0.03125 0.0513889
0 0.0957031 0.257639 0.0257812 0.0375
0 0.0683594 0.803472 0.0273438 0.0430556
0 0.104687 0.861111 0.028125 0.0444444
0 0.189844 0.275 0.028125 0.0388889
0 0.237891 0.108333 0.0273438 0.0444444
0 0.417188 0.66875 0.0296875 0.0458333
0 0.0347656 0.495833 0.0257812 0.0416667
0 0.596875 0.965278 0.0328125 0.05
0 0.591406 0.4375 0.0296875 0.0472222
0 0.364844 0.356944 0.03125 0.0472222
0 0.279297 0.196528 0.0289063 0.0458333
