0 0.396094 0.760417 0.028125 0.0458333
0 0.635938 0.975694 0.0328125 0.0430556
0 0.863672 0.540278 0.0320312 0.0472222
0 0.682422 0.740278 0.0335938 0.0527778
0 0.569141 0.363194 0.0335938 0.0458333
0 0.880859 0.985417 0.0304688 0.0291667
0 0.565234 0.334722 0.0351562 0.0472222
0 0.96875 0.397917 0.0328125 0.0486111
0 0.136328 0.0222222 0.0257812 0.0444444
0 0.801562 0.525 0.034375 0.0527778
0 0.548828 0.554167 0.0335938 0.0527778
0 0.461719 0.197222 0.03125 0.0444444
0 0.0699219 0.104861 0.0242187 0.0402778
0 0.574609 0.173611 0.0351562 0.05
0 0.625781 0.119444 0.034375 0.0444444
0 0.10625 0.868056 0.028125 0.0472222
0 0.938672 0.955556 0.0289063 0.0472222
0 0.269141 0.978472 0.0273438 0.0375
0 0.603516 0.548611 0.0320312 0.0444444
0 0.500391 0.411806 0.0304688 0.0486111
0 0.739844 0.449306 0.0375 0.0513889
0 0.541016 0.79375 0.0289063 0.0486111
0 0.925 0.0486111 0.0328125 0.05
0 0.84375 0.86875 0.03125 0.0486111
0 0.469141 0.11875 0.0320312 0.0486111
0 0.0964844 0.629167 0.0257812 0.0416667
0 0.147266 0.392361 0.0304688 0.0458333
0 0.202344 0.911111 0.028125 0.0388889
0 0.772266 0.936806 0.0335938 0.0486111
0 0.30625 0.311806 0.0328125 0.0513889
0 0.814062 0.909028 0.0296875 0.0513889
0 0.589063 0.847917 0.03125 0.0541667
