0 0.371484 0.817361 0.0226563 0.0430556
0 0.996875 0.890278 0.00625 0.0555556
0 0.809375 0.335417 0.0328125 0.0458333
0 0.815625 0.367361 0.0359375 0.0541667
0 0.00585938 0.302778 0.0117188 0.0527778
0 0.355859 0.8125 0.0289063 0.0472222
0 0.162891 0.159028 0.0273438 0.0458333
0 0.582031 0.2375 0.034375 0.05
0 0.336328 0.140972 0.0304688 0.0597222
0 0.367578 0.770139 0.0273438 0.0458333
0 0.423047 0.215972 0.0382813 0.0625
0 0.34375 0.721528 0.028125 0.0458333
0 0.368359 0.947222 0.0320312 0.0527778
0 0.888672 0.65 0.0335938 0.0555556
0 0.33125 0.293056 0.0328125 0.0583333
0 0.798828 0.259028 0.0320312 0.0458333
0 0.416406 0.157639 0.028125 0.0430556
0 0.182031 0.511806 0.0296875 0.0458333
0 0.333594 0.979167 0.03125 0.0388889
0 0.0386719 0.669444 0.0257812 0.0444444
0 0.392188 0.617361 0.03125 0.0458333
