0 0.825781 0.522222 0.046875 0.0444444
0 0.0667969 0.0208333 0.0257812 0.0361111
0 0.413672 0.9875 0.0226563 0.025
0 0.862109 0.0263889 0.0320312 0.0472222
0 0.814062 0.529861 0.03125 0.0486111
0 0.603906 0.0506944 0.03125 0.0513889
0 0.964844 0.1375 0.03125 0.0555556
0 0.424609 0.0506944 0.0304688 0.0458333
0 0.898047 0.13125 0.0320312 0.0541667
0 0.255859 0.0173611 0.0273438 0.0347222
0 0.598047 0.130556 0.0351562 0.05
0 0.668359 0.583333 0.0367187 0.0611111
0 0.8375 0.51875 0.0265625 0.0430556
0 0.473828 0.302083 0.0335938 0.0513889
0 0.94375 0.8875 0.03125 0.0472222
0 0.161328 0.275694 0.0257812 0.0402778
0 0.570703 0.477083 0.0320312 0.0513889
0 0.119141 0.431944 0.0273438 0.0416667
0 0.257031 0.151389 0.0296875 0.05
0 0.354688 0.577083 0.0296875 0.0458333
0 0.919922 0.564583 0.0289063 0.0402778
0 0.894141 0.250694 0.0304688 0.0430556
0 0.0386719 0.776389 0.0257812 0.0444444
0 0.180859 0.786806 0.0289063 0.0486111
0 0.233984 0.579861 0.0304688 0.0458333
0 0.141797 0.23125 0.0289063 0.0430556
0 0.254297 0.371528 0.0273438 0.0402778
0 0.503906 0.429167 0.0328125 0.05
0 0.589844 0.556944 0.0328125 0.0527778
0 0.610937 0.459028 0.0296875 0.0486111
0 0.733594 0.0201389 0.034375 0.0402778
0 0.572656 0.616667 0.034375 0.05
