0 0.532031 0.408333 0.028125 0.0444444
0 0.996094 0.245833 0.0078125 0.0583333
0 0.994531 0.0673611 0.0109375 0.0597222
0 0.159766 0.847917 0.0242187 0.0375
0 0.153125 0.719444 0.0265625 0.0444444
0 0.669922 0.852778 0.0304688 0.0444444
0 0.600391 0.938889 0.0320312 0.0444444
0 0.612109 0.727778 0.0304688 0.0444444
0 0.43125 0.55625 0.0296875 0.0458333
0 0.249609 0.927778 0.0273438 0.0416667
0 0.574219 0.449306 0.034375 0.0513889
0 0.855859 0.0194444 0.0382813 0.0388889
0 0.363672 0.661111 0.0289063 0.0444444
0 0.244922 0.690278 0.0257812 0.0388889
0 0.178125 0.0305556 0.0296875 0.0361111
0 0.695312 0.976389 0.0265625 0.0416667
0 0.895703 0.0465278 0.0320312 0.0513889
0 0.439063 0.722222 0.0296875 0.0444444
0 0.797656 0.370833 0.03125 0.05
0 0.211719 0.180556 0.0296875 0.0361111
0 0.380469 0.761111 0.0328125 0.05
0 0.761328 0.151389 0.0320312 0.0444444
0 0.185547 0.208333 0.0289063 0.0388889
0 0.915625 0.748611 0.034375 0.05
0 0.483984 0.595833 0.0289063 0.0444444
0 0.781641 0.710417 0.0304688 0.0486111
0 0.169531 0.943056 0.028125 0.0444444
0 0.554297 0.577778 0.0335938 0.05
0 0.127734 0.886806 0.0289063 0.0458333
0 0.691797 0.640972 0.0335938 0.0513889
0 0.0996094 0.158333 0.0257812 0.0527778
0 0.410547 0.45 0.0351562 0.0472222
0 0.457422 0.811111 0.0273438 0.0444444
0 0.519531 0.675 0.03125 0.05
0 0.582031 0.810417 0.0328125 0.0513889
0 0.194141 0.379167 0.0304688 0.0416667
0 0.0113281 0.64375 0.0210938 0.0430556
