0 0.85 0.175 0.0296875 0.0416667
0 0.775781 0.766667 0.0296875 0.0444444
0 0.903125 0.05 0.0265625 0.0416667
0 0.0695312 0.736806 0.0265625 0.0458333
0 0.505469 0.440972 0.034375 0.0513889
0 0.305469 0.0972222 0.028125 0.0444444
0 0.980469 0.834028 0.03125 0.0486111
0 0.200391 0.304861 0.0273438 0.0430556
0 0.351562 0.1 0.03125 0.0527778
0 0.0113281 0.705556 0.0210938 0.0472222
0 0.195703 0.600694 0.0257812 0.0347222
0 0.597266 0.215278 0.0320312 0.0444444
0 0.0441406 0.479167 0.0273438 0.05
0 0.101953 0.930556 0.0257812 0.0444444
0 0.824609 0.636111 0.0289063 0.05
0 0.787109 0.649306 0.0273438 0.0402778
0 0.764844 0.896528 0.0296875 0.0430556
0 0.407813 0.726389 0.0328125 0.0527778
0 0.634766 0.958333 0.0335938 0.05
0 0.512891 0.532639 0.0289063 0.0430556
