0 0.387891 0.684028 0.0242187 0.0347222
0 0.83125 0.00972222 0.0328125 0.0194444
0 0.996094 0.370833 0.0078125 0.05
0 0.0300781 0.81875 0.0257812 0.0430556
0 0.203125 0.504167 0.025 0.0444444
0 0.176563 0.383333 0.028125 0.0444444
0 0.817969 0.290972 0.03125 0.0402778
0 0.832031 0.679167 0.0328125 0.0472222
0 0.683203 0.819444 0.0320312 0.0527778
0 0.274609 0.208333 0.0289063 0.0416667
0 0.534766 0.447917 0.0320312 0.0458333
0 0.429297 0.0972222 0.0273438 0.0444444
0 0.927344 0.398611 0.0328125 0.05
0 0.161328 0.497917 0.0257812 0.0486111
0 0.987891 0.425694 0.0242187 0.0458333
0 0.421875 0.890278 0.0265625 0.0472222
0 0.824219 0.110417 0.03125 0.0513889
0 0.150391 0.709722 0.0257812 0.0444444
0 0.977734 0.711111 0.0304688 0.0472222
0 0.123828 0.675694 0.0273438 0.0513889
0 0.972266 0.959028 0.0304688 0.0513889
0 0.764063 0.790972 0.0328125 0.0541667
0 0.538281 0.829861 0.0296875 0.0486111
0 0.581641 0.504861 0.0304688 0.0458333
0 0.139062 0.503472 0.025 0.0458333
0 0.383203 0.751389 0.0289063 0.0472222
