0 0.00507812 0.788194 0.0101562 0.0625
0 0.0730469 0.295139 0.0289063 0.0486111
0 0.248047 0.976389 0.0304688 0.0444444
0 0.116797 0.0666667 0.0273438 0.0472222
0 0.550391 0.870139 0.0351562 0.0513889
0 0.983203 0.296528 0.0289063 0.0458333
0 0.655078 0.7375 0.0304688 0.0527778
0 0.962109 0.8 0.0304688 0.0472222
0 0.806641 0.157639 0.0320312 0.0486111
0 0.674609 0.897222 0.0289063 0.0444444
0 0.489453 0.971528 0.0289063 0.0513889
0 0.216797 0.161111 0.0257812 0.0416667
0 0.4125 0.163889 0.034375 0.0555556
0 0.580078 0.234722 0.0304688 0.05
0 0.711719 0.738194 0.0234375 0.0375
0 0.288672 0.147917 0.0273438 0.0458333
0 0.317187 0.35625 0.0375 0.0625
0 0.279687 0.71875 0.03125 0.0513889
0 0.3 0.747917 0.0296875 0.0486111
0 0.946875 0.853472 0.034375 0.0569444
0 0.880078 0.819444 0.0304688 0.0527778
