0 0.0238281 0.970833 0.0257812 0.0388889
0 0.575391 0.270833 0.0210938 0.0305556
0 0.405859 0.968056 0.0273438 0.0444444
0 0.378125 0.878472 0.0265625 0.0513889
0 0.853125 0.990278 0.03125 0.0194444
0 0.742578 0.561806 0.0304688 0.0458333
0 0.698047 0.190972 0.0382813 0.0486111
0 0.401563 0.982639 0.0265625 0.0347222
0 0.0460938 0.904167 0.021875 0.0361111
0 0.00859375 0.725694 0.0171875 0.0402778
0 0.410937 0.954167 0.0265625 0.0361111
0 0.751953 0.509722 0.0367187 0.05
0 0.482031 0.177083 0.0328125 0.0430556
0 0.752344 0.231944 0.0375 0.05
0 0.078125 0.119444 0.0265625 0.0444444
0 0.369141 0.961111 0.0273438 0.0416667
0 0.804297 0.752778 0.0351562 0.0527778
0 0.533594 0.128472 0.0390625 0.0541667
0 0.204688 0.873611 0.0234375 0.0361111
0 0.488281 0.476389 0.0328125 0.0527778
0 0.140234 0.704167 0.0273438 0.0444444
0 0.564453 0.704861 0.0304688 0.0513889
0 0.610547 0.109028 0.0289063 0.0541667
0 0.260156 0.243056 0.0328125 0.0472222
0 0.593359 0.301389 0.0242187 0.0361111
0 0.232422 0.869444 0.0304688 0.0472222
0 0.190625 0.918056 0.0265625 0.0388889
0 0.421875 0.268056 0.0296875 0.0416667
0 0.708594 0.920833 0.03125 0.0527778
0 0.710938 0.680556 0.0296875 0.05
0 0.175391 0.336111 0.0304688 0.0472222
0 0.350391 0.797917 0.0304688 0.0486111
0 0.0304688 0.510417 0.0234375 0.0486111
0 0.264844 0.730556 0.0296875 0.0472222
0 0.815234 0.875 0.0304688 0.0527778
0 0.252344 0.602083 0.03125 0.0486111
0 0.278906 0.885417 0.0296875 0.0486111
0 0.196875 0.617361 0.034375 0.0513889
