0 0.174219 0.731944 0.0265625 0.0416667
0 0.166016 0.115972 0.0273438 0.0430556
0 0.628516 0.00555556 0.0179687 0.0111111
0 0.134766 0.277083 0.0257812 0.0430556
0 0.133984 0.778472 0.0320312 0.0513889
0 0.9625 0.818056 0.0296875 0.05
0 0.970312 0.8375 0.0328125 0.0472222
0 0.974219 0.381944 0.034375 0.0416667
0 0.297266 0.225 0.0304688 0.0416667
0 0.282813 0.565278 0.025 0.0416667
0 0.762891 0.127083 0.0289063 0.0402778
0 0.639453 0.581944 0.0132813 0.0194444
0 0.605469 0.0708333 0.03125 0.0444444
0 0.814062 0.850694 0.0296875 0.0430556
0 0.964453 0.706944 0.0320312 0.0444444
0 0.708594 0.983333 0.034375 0.0333333
0 0.783594 0.75 0.0328125 0.05
0 0.470313 0.754167 0.0296875 0.0472222
0 0.141406 0.682639 0.0265625 0.0402778
0 0.881641 0.648611 0.0289063 0.0472222
0 0.501172 0.252083 0.0289063 0.0402778
0 0.0949219 0.665972 0.0273438 0.0458333
0 0.319531 0.0618056 0.0265625 0.0430556
0 0.112109 0.386806 0.0242187 0.0375
0 0.742578 0.878472 0.0304688 0.0541667
0 0.308984 0.436111 0.0304688 0.0472222
0 0.610937 0.946528 0.0328125 0.0541667
0 0.897266 0.248611 0.0304688 0.0444444
0 0.644922 0.872222 0.0289063 0.05
0 0.391406 0.569444 0.028125 0.0527778
0 0.834766 0.726389 0.0304688 0.0472222
0 0.555078 0.382639 0.0304688 0.0458333
0 0.33125 0.663889 0.0296875 0.0472222
0 0.103906 0.482639 0.028125 0.0458333
0 0.451562 0.565278 0.034375 0.0555556
