0 0.997266 0.488889 0.00546875 0.0444444
0 0.00273437 0.920833 0.00546875 0.0416667
0 0.91875 0.988889 0.0296875 0.0194444
0 0.466406 0.0159722 0.0296875 0.0319444
0 0.738281 0.956944 0.03125 0.0472222
0 0.759375 0.870833 0.0265625 0.0444444
0 0.355859 0.990278 0.0304688 0.0194444
0 0.764844 0.0145833 0.0296875 0.0263889
0 0.33125 0.28125 0.03125 0.0486111
0 0.887891 0.929167 0.0320312 0.0444444
0 0.3625 0.279167 0.0265625 0.0416667
0 0.846484 0.158333 0.0304688 0.0444444
0 0.519141 0.470139 0.0335938 0.0513889
0 0.907422 0.956944 0.0304688 0.0416667
0 0.405859 0.520833 0.0367187 0.0583333
0 0.200781 0.0694444 0.025 0.0388889
0 0.401172 0.414583 0.0320312 0.0486111
0 0.05 0.870833 0.0265625 0.0444444
0 0.964844 0.794444 0.03125 0.05
0 0.744531 0.295139 0.0375 0.0513889
0 0.636328 0.480556 0.0335938 0.0472222
0 0.650391 0.252778 0.0367187 0.05
0 0.241797 0.0201389 0.0304688 0.0402778
0 0.182031 0.234722 0.0296875 0.0444444
0 0.508984 0.0972222 0.0304688 0.0472222
0 0.792969 0.574306 0.028125 0.0458333
0 0.265625 0.330556 0.0296875 0.0444444
0 0.0257812 0.436806 0.025 0.0430556
0 0.746094 0.547222 0.028125 0.0444444
0 0.725 0.182639 0.03125 0.0458333
0 0.205078 0.702778 0.0289063 0.0472222
0 0.500781 0.395139 0.03125 0.0458333
0 0.665625 0.796528 0.0296875 0.0486111
0 0.862891 0.600694 0.0304688 0.0458333
