0 0.448438 0.2125 0.03125 0.0444444
0 0.0550781 0.390278 0.0242187 0.0388889
0 0.223828 0.0347222 0.0320312 0.05
0 0.235547 0.985417 0.0335938 0.0291667
0 0.7375 0.985417 0.0265625 0.0291667
0 0.00742187 0.623611 0.0148437 0.0444444
0 0.218359 0.15 0.0304688 0.0472222
0 0.715625 0.561111 0.0375 0.0611111
0 0.643359 0.895833 0.0226563 0.0361111
0 0.546094 0.679167 0.0328125 0.05
0 0.435547 0.847222 0.0289063 0.0472222
0 0.0292969 0.351389 0.0257812 0.0416667
0 0.0742188 0.110417 0.025 0.0402778
0 0.838672 0.593056 0.0367187 0.0527778
0 0.853125 0.121528 0.03125 0.0486111
0 0.149219 0.55 0.0265625 0.0416667
0 0.694922 0.527083 0.0304688 0.0541667
0 0.389844 0.278472 0.0359375 0.0597222
0 0.244141 0.427083 0.0304688 0.0458333
0 0.201562 0.786111 0.028125 0.0444444
0 0.958594 0.615972 0.03125 0.0486111
0 0.618359 0.811806 0.0289063 0.0513889
0 0.808984 0.43125 0.0304688 0.0458333
0 0.332422 0.392361 0.0335938 0.0541667
0 0.0714844 0.618056 0.0257812 0.0416667
0 0.639063 0.747917 0.03125 0.0513889
