0 0.614062 0.238889 0.028125 0.0722222
0 0.122266 0.284028 0.0289063 0.0458333
0 0.648828 0.957639 0.0257812 0.0375
0 0.00507812 0.431944 0.0101562 0.0611111
0 0.779297 0.415972 0.0320312 0.0430556
0 0.661328 0.983333 0.0289063 0.0333333
0 0.798047 0.356944 0.0304688 0.0416667
0 0.435547 0.676389 0.0273438 0.0416667
0 0.632031 0.284722 0.0265625 0.0444444
0 0.200781 0.677778 0.0265625 0.0472222
0 0.927344 0.326389 0.034375 0.0555556
0 0.119531 0.121528 0.028125 0.0430556
0 0.8125 0.749306 0.034375 0.0486111
0 0.75 0.519444 0.03125 0.05
0 0.614844 0.269444 0.0265625 0.05
0 0.635156 0.192361 0.028125 0.0430556
0 0.859766 0.348611 0.0320312 0.0444444
0 0.526172 0.765972 0.0304688 0.0486111
0 0.6125 0.213194 0.0296875 0.0458333
0 0.0207031 0.98125 0.0242187 0.0375
0 0.550391 0.882639 0.0304688 0.0486111
0 0.66875 0.321528 0.0390625 0.0597222
0 0.878906 0.0979167 0.03125 0.0513889
0 0.465625 0.31875 0.028125 0.0402778
0 0.663281 0.825694 0.0296875 0.0430556
0 0.141016 0.638889 0.0273438 0.0472222
0 0.621484 0.828472 0.0304688 0.0513889
0 0.251172 0.677083 0.0273438 0.0430556
0 0.879687 0.29375 0.0296875 0.0458333
0 0.660156 0.544444 0.0265625 0.0416667
0 0.560547 0.215278 0.0304688 0.0527778
0 0.259375 0.964583 0.028125 0.0486111
0 0.116406 0.955556 0.028125 0.05
0 0.614062 0.444444 0.0328125 0.0527778
0 0.469141 0.915278 0.0304688 0.05
0 0.563672 0.510417 0.0335938 0.0541667
0 0.333594 0.209028 0.0328125 0.0541667
0 0.178906 0.795139 0.0265625 0.0430556
