0 0.338672 0.0125 0.0210938 0.0194444
0 0.319922 0.00694444 0.0179687 0.0138889
0 0.255859 0.593056 0.0257812 0.0416667
0 0.996484 0.954861 0.00703125 0.0541667
0 0.164453 0.128472 0.0257812 0.0402778
0 0.0527344 0.329861 0.0242187 0.0375
0 0.245312 0.986111 0.0328125 0.0277778
0 0.986719 0.102778 0.0265625 0.0611111
0 0.619141 0.274306 0.0242187 0.0347222
0 0.991406 0.6125 0.0171875 0.05
0 0.583203 0.891667 0.0289063 0.0472222
0 0.06875 0.0409722 0.0265625 0.0458333
0 0.0578125 0.786806 0.0234375 0.0430556
0 0.989453 0.763194 0.0210938 0.0458333
0 0.570312 0.981944 0.034375 0.0361111
0 0.034375 0.346528 0.025 0.0486111
0 0.914844 0.477778 0.0328125 0.0583333
0 0.886328 0.870139 0.0320312 0.0486111
0 0.0417969 0.0291667 0.0273438 0.0472222
0 0.269922 0.05 0.0289063 0.05
0 0.746875 0.536111 0.028125 0.0388889
0 0.823047 0.779167 0.0289063 0.0416667
0 0.823828 0.927778 0.0351562 0.0527778
0 0.647656 0.896528 0.0359375 0.0597222
0 0.694141 0.501389 0.0304688 0.0444444
0 0.955078 0.705556 0.0289063 0.0472222
0 0.157422 0.950694 0.0273438 0.0458333
0 0.14375 0.650694 0.028125 0.0430556
0 0.838281 0.731944 0.03125 0.05
0 0.217187 0.144444 0.0296875 0.0444444
0 0.527344 0.221528 0.028125 0.0375
0 0.194922 0.523611 0.0398437 0.0694444
0 0.588672 0.575694 0.0304688 0.0430556
0 0.514844 0.284722 0.03125 0.0444444
0 0.828125 0.661111 0.0296875 0.0444444
0 0.780859 0.577778 0.0351562 0.0555556
0 0.227734 0.2125 0.0289063 0.0416667
0 0.0328125 0.426389 0.0234375 0.05
0 0.866016 0.618056 0.0289063 0.0444444
0 0.696094 0.61875 0.0296875 0.0458333
0 0.192188 0.980556 0.028125 0.0388889
0 0.148047 0.88125 0.0367187 0.0652778
0 0.316797 0.449306 0.0320312 0.0513889
0 0.198828 0.356944 0.0335938 0.0527778
