0 0.928516 0.0604167 0.0257812 0.0402778
0 0.666016 0.290972 0.0273438 0.0402778
0 0.003125 0.704861 0.00625 0.0458333
0 0.901953 0.06875 0.0257812 0.0402778
0 0.933594 0.426389 0.03125 0.0444444
0 0.00898437 0.26875 0.0179687 0.0430556
0 0.0242187 0.242361 0.025 0.0402778
0 0.977734 0.276389 0.0320312 0.0444444
0 0.732813 0.415972 0.0390625 0.0513889
0 0.838672 0.194444 0.0304688 0.0416667
0 0.400391 0.198611 0.0289063 0.0416667
0 0.415625 0.05625 0.0265625 0.0375
0 0.887109 0.482639 0.0320312 0.0486111
0 0.507422 0.186806 0.0320312 0.0430556
0 0.3375 0.0694444 0.0296875 0.0416667
0 0.537109 0.125694 0.0273438 0.0375
0 0.0597656 0.443056 0.0273438 0.0472222
0 0.915234 0.795833 0.0289063 0.05
0 0.134375 0.252778 0.028125 0.0444444
0 0.576563 0.310417 0.028125 0.0430556
0 0.373047 0.344444 0.0335938 0.0472222
0 0.526953 0.5125 0.0289063 0.0444444
0 0.280078 0.16875 0.0273438 0.0486111
0 0.0757812 0.320833 0.025 0.0472222
0 0.598828 0.138194 0.0289063 0.0430556
0 0.766406 0.215972 0.028125 0.0402778
0 0.602734 0.902083 0.0320312 0.0541667
0 0.0605469 0.875 0.0257812 0.0388889
0 0.452734 0.447917 0.0289063 0.0458333
0 0.61875 0.301389 0.03125 0.0472222
0 0.422266 0.732639 0.0289063 0.0486111
0 0.217187 0.963889 0.0296875 0.0472222
0 0.45 0.702778 0.03125 0.0472222
0 0.897656 0.655556 0.0296875 0.05
0 0.247266 0.761806 0.0304688 0.0486111
0 0.194922 0.326389 0.0304688 0.05
0 0.396484 0.289583 0.0289063 0.0513889
0 0.301172 0.5625 0.0289063 0.0444444
