0 0.104687 0.529167 0.025 0.0444444
0 0.338281 0.14375 0.0265625 0.0402778
0 0.275 0.222917 0.0265625 0.0402778
0 0.3125 0.252778 0.0296875 0.0444444
0 0.743359 0.490972 0.0382813 0.0513889
0 0.254687 0.172917 0.0296875 0.0486111
0 0.911328 0.523611 0.0289063 0.0444444
0 0.5 0.648611 0.028125 0.0444444
0 0.524609 0.656944 0.0320312 0.0527778
0 0.734375 0.231944 0.0296875 0.0444444
0 0.0214844 0.288889 0.0257812 0.0416667
0 0.826563 0.311111 0.028125 0.0416667
0 0.789062 0.871528 0.0296875 0.0458333
0 0.580859 0.415278 0.0335938 0.0555556
0 0.578125 0.307639 0.034375 0.0569444
0 0.607813 0.848611 0.03125 0.0472222
0 0.259766 0.526389 0.0304688 0.0472222
0 0.388281 0.567361 0.0296875 0.0458333
0 0.359766 0.425 0.0304688 0.0472222
0 0.641016 0.522222 0.0273438 0.0416667
0 0.626172 0.825 0.0242187 0.0361111
0 0.407422 0.4375 0.0304688 0.05
0 0.953516 0.551389 0.0289063 0.0472222
0 0.302734 0.809028 0.0289063 0.0402778
0 0.326562 0.713194 0.028125 0.0430556
0 0.735937 0.945833 0.0296875 0.0472222
0 0.201953 0.10625 0.0304688 0.0541667
0 0.678516 0.517361 0.0289063 0.0458333
0 0.647656 0.134722 0.0296875 0.05
0 0.655469 0.625694 0.028125 0.0486111
0 0.526953 0.968056 0.0273438 0.05
0 0.403516 0.647917 0.0304688 0.0458333
0 0.542188 0.884028 0.03125 0.0430556
0 0.808594 0.698611 0.0328125 0.0555556
0 0.0703125 0.427778 0.0296875 0.0527778
