0 0.565234 0.992361 0.0257812 0.0152778
0 0.652344 0.0166667 0.0328125 0.0333333
0 0.418359 0.884028 0.0242187 0.0319444
0 0.991406 0.459722 0.015625 0.05
0 0.342578 0.546528 0.0242187 0.0347222
0 0.280469 0.5375 0.0265625 0.0416667
0 0.411328 0.904861 0.0289063 0.0402778
0 0.0394531 0.0604167 0.0257812 0.0430556
0 0.121094 0.0444444 0.0296875 0.0472222
0 0.357812 0.578472 0.034375 0.0430556
0 0.735156 0.226389 0.034375 0.05
0 0.828125 0.244444 0.0296875 0.0444444
0 0.289453 0.764583 0.0304688 0.0430556
0 0.986719 0.0875 0.0265625 0.0527778
0 0.312109 0.927083 0.0289063 0.0402778
0 0.720312 0.813889 0.03125 0.0527778
0 0.919531 0.973611 0.028125 0.0416667
0 0.105859 0.49375 0.0273438 0.0430556
0 0.835156 0.890972 0.03125 0.0430556
0 0.420703 0.0986111 0.0335938 0.0527778
0 0.882422 0.704861 0.0289063 0.0458333
0 0.601172 0.7125 0.0289063 0.0444444
0 0.059375 0.686111 0.0234375 0.0388889
0 0.944141 0.45 0.0289063 0.05
0 0.494922 0.65 0.0304688 0.0444444
0 0.385156 0.436806 0.0296875 0.0402778
0 0.700781 0.704861 0.0296875 0.0458333
0 0.295703 0.35625 0.0304688 0.0486111
0 0.922656 0.925694 0.0296875 0.0402778
0 0.775391 0.639583 0.0320312 0.0513889
