0 0.826563 0.376389 0.0296875 0.0444444
0 0.973437 0.534028 0.03125 0.0430556
0 0.06875 0.215278 0.0234375 0.0388889
0 0.888281 0.677083 0.0265625 0.0430556
0 0.531641 0.459722 0.0304688 0.0388889
0 0.0828125 0.211111 0.0234375 0.0388889
0 0.768359 0.0361111 0.0304688 0.0388889
0 0.0828125 0.285417 0.0328125 0.0513889
0 0.0476562 0.0493056 0.0265625 0.0430556
0 0.585156 0.167361 0.028125 0.0347222
0 0.0660156 0.0986111 0.0273438 0.0444444
0 0.528906 0.49375 0.0328125 0.0513889
0 0.692578 0.527778 0.0289063 0.0472222
0 0.305078 0.94375 0.0320312 0.0430556
0 0.679688 0.186806 0.03125 0.0402778
0 0.960547 0.75 0.0320312 0.0472222
0 0.150391 0.533333 0.0273438 0.0444444
0 0.245312 0.213889 0.028125 0.0444444
0 0.803906 0.858333 0.028125 0.0444444
0 0.535547 0.633333 0.0320312 0.05
0 0.0386719 0.872917 0.0257812 0.0486111
0 0.783984 0.604167 0.0320312 0.0472222
0 0.379687 0.719444 0.03125 0.0472222
0 0.732813 0.0888889 0.0328125 0.0527778
0 0.665234 0.238194 0.0304688 0.0430556
0 0.916016 0.9 0.0320312 0.0472222
0 0.311328 0.434722 0.0289063 0.0472222
0 0.311719 0.697917 0.034375 0.0541667
0 0.792188 0.129861 0.0296875 0.0486111
0 0.148438 0.484028 0.0296875 0.0486111
0 0.385156 0.415278 0.0421875 0.0694444
