0 0.99375 0.839583 0.0125 0.0569444
0 0.995703 0.747222 0.00859375 0.0583333
0 0.583203 0.975694 0.0351562 0.0458333
0 0.125391 0.347917 0.0304688 0.0486111
0 0.282422 0.675694 0.0382813 0.0458333
0 0.132031 0.611111 0.0296875 0.05
0 0.498047 0.634722 0.0351562 0.0472222
0 0.73125 0.372222 0.0296875 0.0444444
0 0.574219 0.110417 0.034375 0.0486111
0 0.952344 0.125 0.028125 0.0416667
0 0.9875 0.699306 0.025 0.0458333
0 0.648047 0.323611 0.0351562 0.0527778
0 0.965625 0.503472 0.0265625 0.0458333
0 0.945312 0.49375 0.0265625 0.0430556
0 0.244922 0.952778 0.0304688 0.0444444
0 0.420703 0.0791667 0.0289063 0.0472222
0 0.266797 0.727778 0.0304688 0.0444444
0 0.0472656 0.84375 0.0289063 0.0430556
0 0.576172 0.227778 0.0304688 0.0416667
0 0.203516 0.939583 0.0304688 0.0430556
0 0.403516 0.194444 0.0320312 0.0527778
0 0.672266 0.532639 0.0273438 0.0430556
0 0.607813 0.474306 0.03125 0.0513889
0 0.426953 0.874306 0.0273438 0.0458333
0 0.963281 0.288194 0.0328125 0.0486111
0 0.942578 0.619444 0.0335938 0.0611111
0 0.858594 0.850694 0.0296875 0.0513889
0 0.595703 0.890278 0.0289063 0.05
