0 0.378125 0.0534722 0.0296875 0.0430556
0 0.690234 0.0125 0.0257812 0.025
0 0.979297 0.88125 0.0351562 0.0458333
0 0.00703125 0.511806 0.0140625 0.0597222
0 0.946094 0.210417 0.0375 0.0541667
0 0.417578 0.252778 0.0273438 0.0361111
0 0.992969 0.8125 0.0140625 0.0472222
0 0.065625 0.0791667 0.025 0.0416667
0 0.55625 0.249306 0.03125 0.0458333
0 0.532812 0.65625 0.04375 0.0486111
0 0.476172 0.352083 0.0320312 0.0458333
0 0.241016 0.25625 0.0304688 0.0458333
0 0.289844 0.822917 0.0296875 0.0486111
0 0.390234 0.764583 0.0289063 0.0375
0 0.296875 0.225 0.028125 0.0444444
0 0.3 0.535417 0.028125 0.0402778
0 0.978906 0.542361 0.028125 0.0402778
0 0.989062 0.65 0.021875 0.0388889
0 0.0484375 0.647222 0.0265625 0.0416667
0 0.716406 0.822917 0.0328125 0.0541667
0 0.939844 0.813889 0.028125 0.0444444
0 0.273828 0.934722 0.0289063 0.0444444
0 0.626172 0.247222 0.0304688 0.0444444
0 0.854297 0.214583 0.0289063 0.0430556
0 0.921484 0.890278 0.0320312 0.0444444
0 0.135547 0.833333 0.0289063 0.0472222
