0 0.445703 0.0798611 0.0304688 0.0458333
0 0.00351562 0.370833 0.00703125 0.0527778
0 0.901953 0.319444 0.0289063 0.0416667
0 0.0234375 0.990278 0.0203125 0.0194444
0 0.458203 0.0159722 0.0289063 0.0263889
0 0.710938 0.0729167 0.0359375 0.0569444
0 0.00859375 0.221528 0.0171875 0.0375
0 0.810938 0.336111 0.034375 0.0527778
0 0.718359 0.595139 0.0289063 0.0458333
0 0.141797 0.754167 0.0242187 0.0388889
0 0.730469 0.247917 0.03125 0.0486111
0 0.0816406 0.136111 0.0210938 0.0361111
0 0.899609 0.0534722 0.0304688 0.0486111
0 0.533203 0.751389 0.0367187 0.0583333
0 0.630078 0.727778 0.0304688 0.05
0 0.911328 0.671528 0.0335938 0.0541667
0 0.371094 0.747917 0.0328125 0.0513889
0 0.673437 0.354167 0.034375 0.05
0 0.896875 0.370139 0.0328125 0.0513889
0 0.1625 0.835417 0.0296875 0.0458333
0 0.599609 0.480556 0.0320312 0.0444444
0 0.207031 0.147222 0.0265625 0.0416667
0 0.729688 0.793056 0.0328125 0.0472222
0 0.015625 0.472917 0.0296875 0.0458333
0 0.253906 0.151389 0.0296875 0.0444444
0 0.476172 0.374306 0.0382813 0.0541667
0 0.125391 0.186806 0.0257812 0.0402778
0 0.0460938 0.215972 0.025 0.0430556
0 0.200391 0.523611 0.0273438 0.0444444
0 0.357422 0.955556 0.0304688 0.0416667
0 0.15625 0.683333 0.028125 0.0472222
0 0.0785156 0.698611 0.0273438 0.0416667
0 0.109375 0.495139 0.0265625 0.0402778
0 0.259375 0.939583 0.0296875 0.0430556
0 0.235547 0.631944 0.0289063 0.0416667
0 0.785547 0.501389 0.0289063 0.05
0 0.766016 0.954861 0.0304688 0.0458333
0 0.810938 0.4375 0.03125 0.0527778
0 0.847656 0.884028 0.0328125 0.0486111
0 0.889453 0.80625 0.0320312 0.0486111
