0 0.867578 0.736111 0.0289063 0.0555556
0 0.0117188 0.970139 0.0203125 0.0375
0 0.425391 0.963194 0.0257812 0.0430556
0 0.7875 0.229167 0.03125 0.05
0 0.274219 0.200694 0.028125 0.0402778
0 0.628906 0.393056 0.0421875 0.0611111
0 0.163281 0.365972 0.028125 0.0402778
0 0.679297 0.0958333 0.0335938 0.0444444
0 0.855078 0.276389 0.0289063 0.0444444
0 0.508594 0.639583 0.025 0.0430556
0 0.727734 0.677083 0.0335938 0.0513889
0 0.808984 0.570139 0.0273438 0.0430556
0 0.750781 0.577083 0.03125 0.0486111
0 0.600781 0.829861 0.03125 0.0513889
0 0.272266 0.89375 0.0289063 0.0513889
0 0.0546875 0.309722 0.0265625 0.0444444
0 0.864062 0.309028 0.0328125 0.0513889
0 0.977734 0.411111 0.0382813 0.0666667
0 0.40625 0.935417 0.0296875 0.0541667
0 0.0195312 0.778472 0.025 0.0375
0 0.182031 0.323611 0.0265625 0.0416667
0 0.152344 0.388194 0.03125 0.0430556
0 0.908984 0.4875 0.0351562 0.0694444
0 0.787891 0.291667 0.0335938 0.0583333
0 0.744141 0.454167 0.0335938 0.0638889
0 0.578125 0.452778 0.028125 0.0472222
0 0.0792969 0.910417 0.0257812 0.0375
0 0.233984 0.585417 0.0304688 0.0430556
0 0.182422 0.794444 0.0273438 0.0388889
0 0.350781 0.431944 0.03125 0.0444444
0 0.547266 0.419444 0.0304688 0.0555556
0 0.874609 0.389583 0.0320312 0.0513889
0 0.0597656 0.427778 0.0273438 0.0444444
0 0.127734 0.790278 0.0273438 0.0388889
0 0.178906 0.572917 0.028125 0.0402778
0 0.209375 0.436806 0.0328125 0.0486111
0 0.465625 0.557639 0.0359375 0.0597222
