0 0.280859 0.551389 0.0289063 0.0444444
0 0.926562 0.972222 0.028125 0.0444444
0 0.263672 0.803472 0.0257812 0.0402778
0 0.995703 0.259722 0.00859375 0.0555556
0 0.902734 0.150694 0.0273438 0.0430556
0 0.176172 0.68125 0.0257812 0.0375
0 0.722266 0.313889 0.0335938 0.0472222
0 0.791797 0.513889 0.0351562 0.05
0 0.908594 0.8875 0.03125 0.0555556
0 0.9875 0.954167 0.025 0.0416667
0 0.0652344 0.909722 0.0257812 0.0444444
0 0.724219 0.844444 0.0296875 0.0388889
0 0.917188 0.702083 0.0265625 0.0375
0 0.714453 0.638194 0.0335938 0.0458333
0 0.532031 0.447222 0.0328125 0.05
0 0.946094 0.670139 0.034375 0.0458333
0 0.525781 0.572222 0.03125 0.05
0 0.983984 0.399306 0.0289063 0.0430556
0 0.671484 0.523611 0.0351562 0.0472222
0 0.493359 0.838194 0.0304688 0.0569444
0 0.327734 0.731944 0.0289063 0.0472222
0 0.819141 0.619444 0.0445312 0.0583333
0 0.226953 0.368056 0.0273438 0.0416667
0 0.774219 0.569444 0.0328125 0.0527778
0 0.894531 0.801389 0.0296875 0.0388889
0 0.780859 0.947222 0.0304688 0.05
0 0.183984 0.590972 0.0304688 0.0486111
0 0.890234 0.553472 0.0304688 0.0430556
