0 0.740625 0.68125 0.0328125 0.0458333
0 0.00976562 0.9875 0.0195312 0.025
0 0.396875 0.620139 0.025 0.0430556
0 0.438281 0.509028 0.028125 0.0402778
0 0.307813 0.902083 0.028125 0.0402778
0 0.9 0.452083 0.0359375 0.0569444
0 0.432422 0.375694 0.0289063 0.0375
0 0.432422 0.244444 0.0320312 0.0416667
0 0.584375 0.622222 0.03125 0.0416667
0 0.365234 0.402778 0.0304688 0.0472222
0 0.896094 0.620139 0.03125 0.0430556
0 0.117578 0.550694 0.0257812 0.0375
0 0.298438 0.73125 0.028125 0.0430556
0 0.285937 0.923611 0.025 0.0416667
0 0.258594 0.9125 0.03125 0.0416667
0 0.947656 0.527778 0.0328125 0.0472222
0 0.371094 0.192361 0.028125 0.0402778
0 0.159375 0.55625 0.03125 0.0402778
0 0.410547 0.5125 0.0273438 0.0416667
0 0.329297 0.111111 0.0304688 0.0472222
0 0.987891 0.119444 0.0226563 0.0472222
0 0.563672 0.526389 0.0304688 0.0472222
0 0.166016 0.1375 0.0273438 0.0388889
0 0.738281 0.19375 0.0296875 0.0513889
0 0.688281 0.527778 0.03125 0.0444444
0 0.663672 0.641667 0.0335938 0.0555556
0 0.263281 0.109028 0.03125 0.0458333
0 0.0792969 0.793056 0.0273438 0.0388889
0 0.9375 0.200694 0.03125 0.0541667
0 0.331641 0.836111 0.0320312 0.0416667
0 0.422266 0.627083 0.0304688 0.0430556
0 0.519531 0.457639 0.03125 0.0458333
0 0.226562 0.794444 0.028125 0.0444444
0 0.757422 0.107639 0.0320312 0.0541667
0 0.984375 0.483333 0.0296875 0.0583333
0 0.230859 0.395833 0.0289063 0.0416667
0 0.822656 0.533333 0.03125 0.0527778
0 0.452344 0.806944 0.03125 0.0444444
0 0.526172 0.760417 0.0304688 0.0458333
