0 0.1625 0.985417 0.0296875 0.0291667
0 0.299219 0.0152778 0.025 0.0277778
0 0.741797 0.443056 0.0429688 0.0638889
0 0.992969 0.551389 0.0140625 0.05
0 0.1375 0.642361 0.028125 0.0430556
0 0.951953 0.873611 0.0273438 0.0472222
0 0.982031 0.156944 0.0328125 0.0722222
0 0.376172 0.642361 0.0289063 0.0430556
0 0.0714844 0.213194 0.0257812 0.0375
0 0.262109 0.442361 0.0273438 0.0402778
0 0.521875 0.616667 0.0296875 0.0444444
0 0.794531 0.33125 0.0296875 0.0430556
0 0.75625 0.896528 0.0375 0.0569444
0 0.955469 0.69375 0.028125 0.0458333
0 0.0953125 0.884722 0.0265625 0.0472222
0 0.824609 0.407639 0.0335938 0.0486111
0 0.986719 0.444444 0.0265625 0.0555556
0 0.780859 0.469444 0.0320312 0.0527778
0 0.912109 0.922917 0.0320312 0.0513889
0 0.760547 0.616667 0.0367187 0.0555556
0 0.479297 0.489583 0.0320312 0.0458333
0 0.433594 0.190278 0.0265625 0.0361111
0 0.337891 0.411111 0.0289063 0.0416667
0 0.476953 0.449306 0.0304688 0.0402778
0 0.522266 0.477083 0.0351562 0.0486111
0 0.0371094 0.517361 0.0226563 0.0402778
0 0.41875 0.384722 0.0328125 0.0444444
0 0.189453 0.89375 0.0273438 0.0458333
0 0.888281 0.445833 0.0328125 0.05
0 0.128125 0.21875 0.028125 0.0402778
0 0.588672 0.311806 0.0320312 0.0430556
0 0.417578 0.540972 0.0320312 0.0430556
0 0.663281 0.949306 0.0296875 0.0458333
0 0.557422 0.206944 0.0320312 0.0416667
0 0.526172 0.777778 0.0320312 0.05
