0 0.216797 0.960417 0.0273438 0.0402778
0 0.235156 0.160417 0.0265625 0.0402778
0 0.163281 0.0138889 0.03125 0.0277778
0 0.692578 0.0541667 0.0320312 0.0472222
0 0.369531 0.0895833 0.0296875 0.0402778
0 0.770312 0.538889 0.028125 0.0416667
0 0.0605469 0.148611 0.0273438 0.0388889
0 0.602344 0.263889 0.03125 0.0444444
0 0.552344 0.0631944 0.0296875 0.0402778
0 0.407813 0.0208333 0.0421875 0.0416667
0 0.419141 0.988194 0.0289063 0.0236111
0 0.847656 0.46875 0.0328125 0.0458333
0 0.152734 0.338889 0.0289063 0.0444444
0 0.675 0.495833 0.0359375 0.0472222
0 0.788281 0.515278 0.0328125 0.0472222
0 0.416016 0.502083 0.0304688 0.0402778
0 0.0492188 0.174306 0.028125 0.0402778
0 0.096875 0.145139 0.0265625 0.0375
0 0.212891 0.217361 0.0289063 0.0375
0 0.149609 0.884028 0.0289063 0.0458333
0 0.207031 0.807639 0.0328125 0.0430556
0 0.210547 0.413889 0.0320312 0.0416667
0 0.598047 0.220833 0.0304688 0.0388889
0 0.0238281 0.907639 0.0273438 0.0430556
0 0.0808594 0.904861 0.0273438 0.0486111
0 0.968359 0.775694 0.0398437 0.0486111
0 0.614453 0.820833 0.0367187 0.0444444
0 0.496094 0.388194 0.034375 0.0513889
0 0.275391 0.0458333 0.0273438 0.0416667
0 0.204297 0.635417 0.0289063 0.0402778
0 0.349219 0.126389 0.0328125 0.0472222
0 0.289453 0.229861 0.0273438 0.0375
0 0.472266 0.305556 0.0304688 0.0388889
0 0.884375 0.978472 0.03125 0.0402778
0 0.871875 0.65 0.0296875 0.0555556
0 0.523828 0.904861 0.0304688 0.0458333
0 0.512891 0.708333 0.0304688 0.0416667
0 0.689844 0.669444 0.0296875 0.0555556
0 0.453906 0.3875 0.03125 0.0416667
