0 0.997656 0.798611 0.0046875 0.0361111
0 0.495703 0.747222 0.0257812 0.0388889
0 0.935547 0.0222222 0.0335938 0.0361111
0 0.989453 0.0631944 0.0195312 0.0402778
0 0.647266 0.600694 0.0304688 0.0458333
0 0.723437 0.0583333 0.0265625 0.0361111
0 0.795313 0.307639 0.0265625 0.0375
0 0.575 0.9125 0.0328125 0.0472222
0 0.699609 0.279167 0.0273438 0.0361111
0 0.632031 0.615278 0.0328125 0.05
0 0.983594 0.888194 0.028125 0.0486111
0 0.395703 0.985417 0.0320312 0.0291667
0 0.777734 0.0722222 0.0304688 0.0444444
0 0.94375 0.973611 0.0328125 0.0472222
0 0.0234375 0.984722 0.0296875 0.0305556
0 0.226953 0.970833 0.0273438 0.0416667
0 0.812891 0.409722 0.0351562 0.0583333
0 0.05 0.153472 0.0234375 0.0430556
0 0.236328 0.875 0.0257812 0.0416667
0 0.120703 0.160417 0.0226563 0.0402778
0 0.09375 0.159722 0.028125 0.05
0 0.0183594 0.430556 0.0226563 0.0416667
0 0.927734 0.766667 0.0320312 0.0527778
0 0.988281 0.672222 0.0234375 0.0388889
0 0.525391 0.743056 0.0273438 0.0444444
0 0.127344 0.577083 0.028125 0.0458333
0 0.953125 0.1875 0.03125 0.0472222
0 0.247266 0.354167 0.0289063 0.0472222
0 0.148828 0.627778 0.0257812 0.0472222
0 0.541406 0.864583 0.03125 0.0513889
0 0.571484 0.0993056 0.0335938 0.0486111
0 0.239844 0.93125 0.028125 0.0486111
0 0.224609 0.635417 0.0273438 0.0486111
0 0.1375 0.421528 0.0265625 0.0430556
0 0.698047 0.979861 0.0304688 0.0402778
0 0.190625 0.421528 0.03125 0.0541667
0 0.263672 0.756944 0.0320312 0.0527778
0 0.889063 0.693056 0.0296875 0.0444444
