0 0.941016 0.990972 0.0304688 0.0180556
0 0.00898437 0.685417 0.0179687 0.0402778
0 0.877734 0.0138889 0.0335938 0.025
0 0.755859 0.373611 0.0335938 0.0527778
0 0.993359 0.605556 0.0132813 0.0555556
0 0.204297 0.624306 0.0257812 0.0375
0 0.0628906 0.0902778 0.0257812 0.0333333
0 0.746875 0.363194 0.03125 0.0486111
0 0.405859 0.332639 0.0304688 0.0486111
0 0.0203125 0.0256944 0.0234375 0.0458333
0 0.475 0.945139 0.03125 0.0486111
0 0.814062 0.441667 0.034375 0.0527778
0 0.694141 0.178472 0.0304688 0.0486111
0 0.0621094 0.136111 0.0257812 0.0444444
0 0.179688 0.290972 0.028125 0.0402778
0 0.0582031 0.227778 0.0242187 0.0444444
0 0.541797 0.976389 0.0273438 0.0416667
0 0.553125 0.521528 0.03125 0.0486111
0 0.485156 0.0756944 0.0265625 0.0402778
0 0.372656 0.123611 0.0328125 0.0583333
0 0.529688 0.1375 0.03125 0.0472222
0 0.983984 0.0777778 0.0304688 0.0555556
0 0.925781 0.789583 0.0296875 0.0486111
0 0.810156 0.397222 0.03125 0.0444444
0 0.0109375 0.478472 0.021875 0.0430556
0 0.817578 0.8125 0.0304688 0.0444444
0 0.594922 0.818056 0.0242187 0.0361111
0 0.543359 0.01875 0.0367187 0.0375
0 0.651563 0.938889 0.0296875 0.0472222
0 0.802344 0.940278 0.025 0.0361111
0 0.205078 0.0902778 0.0289063 0.0444444
0 0.337109 0.0472222 0.0289063 0.0527778
0 0.517969 0.8875 0.028125 0.0444444
0 0.289062 0.956944 0.025 0.0416667
0 0.754297 0.0708333 0.0304688 0.0472222
0 0.128516 0.583333 0.0257812 0.0444444
0 0.310547 0.595139 0.0304688 0.0541667
0 0.859375 0.653472 0.0328125 0.0513889
0 0.749609 0.490972 0.0320312 0.0458333
0 0.905859 0.706944 0.0304688 0.0472222
0 0.116406 0.415972 0.028125 0.0458333
