0 0.531641 0.2375 0.0304688 0.0611111
0 0.233984 0.49375 0.0226563 0.0347222
0 0.252734 0.988889 0.0289063 0.0222222
0 0.162891 0.167361 0.0257812 0.0402778
0 0.85 0.0583333 0.028125 0.0416667
0 0.967188 0.854861 0.0328125 0.0541667
0 0.624219 0.322917 0.0296875 0.0541667
0 0.00703125 0.694444 0.0140625 0.0472222
0 0.163281 0.297917 0.0296875 0.0458333
0 0.120703 0.83125 0.0257812 0.0430556
0 0.532812 0.211806 0.03125 0.0541667
0 0.5875 0.0444444 0.034375 0.0583333
0 0.941016 0.2125 0.0304688 0.0555556
0 0.940234 0.413194 0.0304688 0.0458333
0 0.619531 0.141667 0.034375 0.0583333
0 0.844922 0.573611 0.0351562 0.05
0 0.0679687 0.679861 0.0265625 0.0458333
0 0.597266 0.364583 0.0289063 0.0458333
0 0.665625 0.467361 0.0296875 0.0569444
0 0.630078 0.684028 0.0320312 0.0486111
0 0.8875 0.574306 0.034375 0.0486111
0 0.408594 0.227778 0.028125 0.0388889
0 0.242969 0.777083 0.0296875 0.0486111
0 0.529688 0.271528 0.0296875 0.0402778
0 0.636719 0.777083 0.0328125 0.0569444
0 0.115234 0.952083 0.0257812 0.0430556
0 0.239844 0.443056 0.0265625 0.0388889
0 0.0808594 0.635417 0.0257812 0.0486111
0 0.224219 0.899306 0.0296875 0.0513889
0 0.719922 0.136111 0.0304688 0.05
0 0.783984 0.0770833 0.0304688 0.0486111
0 0.0214844 0.792361 0.0257812 0.0486111
0 0.558984 0.643056 0.0289063 0.0527778
0 0.563281 0.754861 0.025 0.0486111
0 0.389453 0.675 0.0273438 0.0416667
0 0.823828 0.883333 0.0304688 0.0472222
0 0.577734 0.495833 0.0304688 0.0527778
0 0.0539063 0.922917 0.025 0.0486111
