0 0.996484 0.692361 0.00703125 0.0513889
0 0.583203 0.613889 0.0289063 0.0527778
0 0.342187 0.495833 0.025 0.0388889
0 0.117188 0.179167 0.0359375 0.0611111
0 0.278516 0.246528 0.0304688 0.0486111
0 0.800391 0.0381944 0.0335938 0.0513889
0 0.942578 0.411806 0.0367187 0.0430556
0 0.664062 0.5625 0.034375 0.0444444
0 0.0148437 0.966667 0.0234375 0.0388889
0 0.497656 0.926389 0.0296875 0.0416667
0 0.223438 0.534722 0.0296875 0.0388889
0 0.571094 0.380556 0.034375 0.0444444
0 0.293359 0.543056 0.0320312 0.0416667
0 0.857422 0.407639 0.0304688 0.0486111
0 0.11875 0.372917 0.028125 0.0375
0 0.108984 0.428472 0.0273438 0.0375
0 0.877734 0.923611 0.0273438 0.0472222
0 0.0390625 0.288194 0.028125 0.0458333
0 0.671875 0.786806 0.034375 0.0513889
0 0.841797 0.9125 0.0289063 0.0444444
0 0.909375 0.0722222 0.0296875 0.05
