0 0.348047 0.7 0.0289063 0.0444444
0 0.866016 0.290972 0.0257812 0.0430556
0 0.189453 0.728472 0.0257812 0.0402778
0 0.982813 0.629861 0.0265625 0.0375
0 0.522656 0.0395833 0.034375 0.0513889
0 0.144141 0.200694 0.0273438 0.0430556
0 0.669141 0.155556 0.0289063 0.0388889
0 0.0316406 0.472917 0.0289063 0.0458333
0 0.123438 0.345139 0.028125 0.0430556
0 0.486328 0.777083 0.0304688 0.0430556
0 0.594141 0.0395833 0.0304688 0.0430556
0 0.680469 0.654167 0.0328125 0.0611111
0 0.106641 0.0631944 0.0242187 0.0458333
0 0.632812 0.527778 0.03125 0.0527778
0 0.0410156 0.395833 0.0273438 0.0416667
0 0.240625 0.942361 0.028125 0.0402778
0 0.972266 0.661806 0.0273438 0.0430556
0 0.892969 0.284722 0.028125 0.0388889
0 0.919141 0.932639 0.0289063 0.0458333
0 0.314844 0.296528 0.028125 0.0430556
0 0.858984 0.715972 0.0320312 0.0541667
0 0.136328 0.247222 0.0304688 0.0444444
0 0.277344 0.863889 0.03125 0.0444444
0 0.683984 0.596528 0.0289063 0.0513889
0 0.0972656 0.65625 0.0304688 0.0458333
0 0.799219 0.731944 0.0296875 0.0527778
0 0.308984 0.902083 0.0320312 0.0458333
0 0.494922 0.640972 0.0273438 0.0486111
