0 0.835156 0.370833 0.0328125 0.0888889
0 0.962891 0.622222 0.0585938 0.0416667
0 0.997656 0.5625 0.0046875 0.0416667
0 0.953125 0.283333 0.0265625 0.0444444
0 0.955859 0.129861 0.0304688 0.0458333
0 0.778906 0.621528 0.0296875 0.0486111
0 0.580078 0.204861 0.0304688 0.0458333
0 0.891797 0.315278 0.0289063 0.0388889
0 0.989844 0.363889 0.0203125 0.0416667
0 0.0101562 0.0375 0.01875 0.0416667
0 0.989062 0.673611 0.021875 0.0444444
0 0.579687 0.240278 0.0296875 0.0472222
0 0.633984 0.947222 0.0304688 0.05
0 0.541016 0.875 0.0289063 0.0472222
0 0.875781 0.356944 0.03125 0.0472222
0 0.682422 0.855556 0.0351562 0.05
0 0.825781 0.420833 0.0328125 0.0527778
0 0.666406 0.143056 0.034375 0.0527778
0 0.844141 0.346528 0.0320312 0.0486111
0 0.942187 0.628472 0.0296875 0.0430556
0 0.753906 0.165278 0.03125 0.0472222
0 0.984375 0.263194 0.028125 0.0458333
0 0.94375 0.211806 0.03125 0.0430556
0 0.974609 0.617361 0.0304688 0.0458333
0 0.0808594 0.672917 0.0273438 0.0402778
0 0.960156 0.706944 0.0296875 0.0416667
0 0.226562 0.310417 0.0328125 0.0541667
0 0.13125 0.870139 0.028125 0.0458333
0 0.235547 0.798611 0.0304688 0.05
