0 0.360547 0.0173611 0.0304688 0.0347222
0 0.880078 0.890278 0.0320312 0.0472222
0 0.696484 0.223611 0.0351562 0.0472222
0 0.463281 0.679861 0.03125 0.0458333
0 0.359766 0.0527778 0.0320312 0.0472222
0 0.991797 0.365972 0.0164062 0.0513889
0 0.947656 0.85 0.0328125 0.0527778
0 0.544922 0.149306 0.0304688 0.0458333
0 0.447266 0.444444 0.0289063 0.0444444
0 0.413672 0.0604167 0.0273438 0.0458333
0 0.0582031 0.486111 0.0242187 0.0416667
0 0.576953 0.746528 0.0335938 0.0486111
0 0.618359 0.259028 0.0351562 0.0513889
0 0.671094 0.847222 0.0265625 0.0416667
0 0.602344 0.497917 0.034375 0.0513889
0 0.563281 0.5375 0.0328125 0.05
0 0.0453125 0.443056 0.0234375 0.0388889
0 0.158594 0.328472 0.028125 0.0458333
0 0.376563 0.408333 0.03125 0.0472222
0 0.352734 0.848611 0.0335938 0.0472222
0 0.0238281 0.396528 0.0242187 0.0458333
0 0.703125 0.488194 0.034375 0.0541667
0 0.458203 0.86875 0.0320312 0.0458333
0 0.0890625 0.224306 0.0265625 0.0486111
0 0.0269531 0.827083 0.0242187 0.0430556
0 0.146875 0.934028 0.0296875 0.0458333
0 0.314453 0.449306 0.0289063 0.0458333
