0 0.337109 0.427083 0.0273438 0.0430556
0 0.465234 0.138889 0.0304688 0.0527778
0 0.957812 0.584722 0.034375 0.0527778
0 0.330859 0.438889 0.0304688 0.0472222
0 0.614062 0.41875 0.034375 0.0430556
0 0.505469 0.889583 0.0359375 0.0430556
0 0.555078 0.819444 0.0335938 0.0416667
0 0.256641 0.204861 0.0257812 0.0375
0 0.15625 0.0229167 0.028125 0.0430556
0 0.642578 0.0868056 0.0320312 0.0458333
0 0.836719 0.163194 0.034375 0.0569444
0 0.334375 0.591667 0.034375 0.0472222
0 0.0199219 0.721528 0.0242187 0.0430556
0 0.846875 0.824306 0.034375 0.0430556
0 0.225781 0.65 0.0296875 0.0472222
0 0.264062 0.647917 0.03125 0.0458333
0 0.0566406 0.547917 0.0257812 0.0430556
0 0.0578125 0.302778 0.025 0.0444444
0 0.700781 0.0625 0.03125 0.0583333
0 0.350781 0.225694 0.0359375 0.0402778
0 0.434375 0.741667 0.0390625 0.05
0 0.859375 0.116667 0.0328125 0.0638889
0 0.517187 0.426389 0.0328125 0.0472222
0 0.119922 0.341667 0.0257812 0.0416667
0 0.196875 0.292361 0.0328125 0.0652778
0 0.635547 0.548611 0.0304688 0.05
0 0.134766 0.713194 0.0257812 0.0402778
0 0.757031 0.508333 0.0328125 0.0527778
0 0.0859375 0.453472 0.0234375 0.0375
0 0.768359 0.809722 0.0304688 0.0527778
0 0.258984 0.486111 0.0273438 0.0416667
