0 0.0117188 0.444444 0.0234375 0.0416667
0 0.941797 0.495139 0.0242187 0.0402778
0 0.439453 0.678472 0.0273438 0.0430556
0 0.0421875 0.511111 0.0265625 0.0444444
0 0.541406 0.960417 0.03125 0.0486111
0 0.127734 0.665972 0.0257812 0.0402778
0 0.160156 0.355556 0.028125 0.0444444
0 0.3875 0.409722 0.0265625 0.0361111
0 0.225391 0.269444 0.0273438 0.0388889
0 0.508594 0.984722 0.0296875 0.0305556
0 0.341797 0.322222 0.0289063 0.0388889
0 0.347266 0.290278 0.0257812 0.0333333
0 0.165625 0.322222 0.0296875 0.0444444
0 0.629297 0.127083 0.0320312 0.0486111
0 0.467578 0.196528 0.0320312 0.0430556
0 0.103125 0.803472 0.0265625 0.0402778
0 0.985156 0.540278 0.028125 0.0472222
0 0.870703 0.821528 0.0273438 0.0430556
0 0.567578 0.811111 0.0304688 0.05
0 0.635938 0.504861 0.028125 0.0402778
0 0.159375 0.813194 0.0265625 0.0486111
0 0.339844 0.781944 0.0296875 0.0444444
0 0.253125 0.417361 0.028125 0.0430556
0 0.470703 0.874306 0.0304688 0.0458333
0 0.414844 0.594444 0.0296875 0.0472222
0 0.0871094 0.738194 0.0289063 0.0486111
