0 0.345313 0.265278 0.028125 0.0444444
0 0.0710938 0.882639 0.025 0.0402778
0 0.0488281 0.106944 0.0257812 0.0416667
0 0.0246094 0.195833 0.0257812 0.0416667
0 0.451562 0.335417 0.0328125 0.0486111
0 0.955469 0.986806 0.0328125 0.0263889
0 0.3875 0.268056 0.03125 0.0472222
0 0.534766 0.1875 0.0304688 0.0472222
0 0.462109 0.879861 0.0304688 0.0458333
0 0.7125 0.85625 0.0328125 0.0513889
0 0.0894531 0.0201389 0.0257812 0.0375
0 0.164062 0.636111 0.028125 0.0444444
0 0.602734 0.767361 0.0351562 0.0513889
0 0.592578 0.96875 0.0257812 0.0375
0 0.928906 0.200694 0.0328125 0.0541667
0 0.502344 0.665278 0.0265625 0.0416667
0 0.965625 0.553472 0.0328125 0.0541667
0 0.229687 0.949306 0.028125 0.0402778
0 0.562891 0.661806 0.0289063 0.0430556
0 0.362891 0.149306 0.0289063 0.0486111
0 0.68125 0.245833 0.034375 0.0527778
0 0.978125 0.0923611 0.0328125 0.0597222
0 0.913672 0.795139 0.0304688 0.0486111
0 0.216016 0.715972 0.0289063 0.0430556
0 0.265625 0.492361 0.028125 0.0486111
0 0.304297 0.0861111 0.0289063 0.05
0 0.259766 0.870139 0.0273438 0.0402778
