0 0.496484 0.969444 0.0320312 0.0416667
0 0.842969 0.323611 0.0265625 0.0388889
0 0.917578 0.34375 0.0289063 0.0430556
0 0.627734 0.552083 0.0289063 0.0458333
0 0.247656 0.871528 0.025 0.0486111
0 0.6625 0.55625 0.0296875 0.0486111
0 0.144531 0.299306 0.0359375 0.0541667
0 0.0375 0.772917 0.0234375 0.0458333
0 0.748828 0.811806 0.0335938 0.0569444
0 0.926953 0.199306 0.0289063 0.0402778
0 0.347266 0.108333 0.0335938 0.0472222
0 0.753906 0.209028 0.0328125 0.0458333
0 0.271484 0.184722 0.0304688 0.0472222
0 0.0628906 0.805556 0.0273438 0.0416667
0 0.325 0.605556 0.0328125 0.0416667
0 0.644922 0.477083 0.0367187 0.0458333
0 0.0171875 0.63125 0.0265625 0.0458333
0 0.630078 0.9 0.0367187 0.05
0 0.751562 0.284722 0.028125 0.0472222
0 0.20625 0.459722 0.028125 0.0527778
0 0.459375 0.417361 0.028125 0.0458333
0 0.453516 0.803472 0.0289063 0.0458333
0 0.779688 0.445833 0.0296875 0.05
0 0.306641 0.90625 0.0289063 0.0486111
