0 0.381641 0.540278 0.0304688 0.0777778
0 0.0753906 0.222917 0.0273438 0.0430556
0 0.751953 0.44375 0.0335938 0.0486111
0 0.480078 0.875694 0.0257812 0.0402778
0 0.71875 0.30625 0.03125 0.0430556
0 0.467578 0.8375 0.0289063 0.0472222
0 0.641797 0.604861 0.0382813 0.0569444
0 0.75625 0.631944 0.0328125 0.05
0 0.205859 0.315278 0.0257812 0.0416667
0 0.376563 0.510417 0.03125 0.0486111
0 0.389062 0.559722 0.028125 0.0472222
0 0.9625 0.236806 0.034375 0.0513889
0 0.2625 0.673611 0.028125 0.0416667
0 0.957031 0.04375 0.03125 0.0513889
0 0.878125 0.26875 0.034375 0.0458333
0 0.241406 0.234722 0.0265625 0.05
0 0.5875 0.104167 0.0296875 0.0472222
0 0.248828 0.556944 0.0257812 0.0472222
0 0.509375 0.127083 0.028125 0.0458333
0 0.153516 0.620139 0.0273438 0.0458333
0 0.466797 0.925 0.0273438 0.0472222
0 0.353516 0.620139 0.0320312 0.0513889
