0 0.232031 0.674306 0.021875 0.0319444
0 0.601562 0.06875 0.0265625 0.0458333
0 0.578125 0.99375 0.0171875 0.0125
0 0.603906 0.0826389 0.0265625 0.0430556
0 0.225781 0.652083 0.0171875 0.0291667
0 0.240625 0.653472 0.0171875 0.0263889
0 0.721094 0.396528 0.028125 0.0430556
0 0.627344 0.753472 0.025 0.0375
0 0.130078 0.252083 0.0226563 0.0375
0 0.210547 0.479861 0.0179687 0.0263889
0 0.0875 0.0583333 0.015625 0.0277778
0 0.872656 0.630556 0.028125 0.0361111
0 0.457031 0.96875 0.0265625 0.0402778
0 0.646875 0.523611 0.025 0.0333333
0 0.574609 0.493056 0.0210938 0.0305556
0 0.241406 0.70625 0.025 0.0402778
0 0.335156 0.529167 0.0296875 0.0472222
0 0.268359 0.924306 0.0273438 0.0430556
0 0.770703 0.794444 0.0289063 0.0416667
