0 0.921875 0.227778 0.0203125 0.025
0 0.327734 0.968056 0.0273438 0.0444444
0 0.994531 0.964583 0.0109375 0.0347222
0 0.992188 0.906944 0.0140625 0.0333333
0 0.888281 0.316667 0.028125 0.0361111
0 0.349609 0.978472 0.0195312 0.0291667
0 0.333984 0.951389 0.0242187 0.0444444
0 0.320703 0.979167 0.0257812 0.0388889
0 0.983203 0.941667 0.0257812 0.05
0 0.972266 0.905556 0.0226563 0.0361111
0 0.242969 0.842361 0.01875 0.0319444
0 0.814453 0.11875 0.0273438 0.0541667
0 0.156641 0.961111 0.0179687 0.025
0 0.958984 0.938889 0.0273438 0.0444444
0 0.0257812 0.730556 0.01875 0.0305556
0 0.748438 0.415972 0.0234375 0.0319444
0 0.209375 0.29375 0.0203125 0.0291667
0 0.575781 0.814583 0.021875 0.0375
0 0.201172 0.769444 0.0226563 0.0333333
0 0.711328 0.868056 0.0242187 0.0388889
