0 0.437109 0.980556 0.0367187 0.0388889
0 0.757031 0.893056 0.0203125 0.0305556
0 0.225 0.204861 0.0234375 0.0319444
0 0.753906 0.879861 0.021875 0.0347222
0 0.784375 0.0125 0.01875 0.025
0 0.775391 0.893056 0.0242187 0.0305556
0 0.7625 0.0180556 0.0296875 0.0361111
0 0.241797 0.220139 0.0257812 0.0402778
0 0.424219 0.977778 0.0265625 0.0388889
0 0.739844 0.889583 0.0203125 0.0319444
0 0.598047 0.448611 0.0242187 0.0333333
0 0.448438 0.98125 0.0234375 0.0347222
0 0.170703 0.440972 0.0257812 0.0402778
0 0.932422 0.09375 0.0195312 0.0402778
0 0.318359 0.595139 0.0257812 0.0402778
0 0.521875 0.798611 0.0296875 0.0444444
0 0.776563 0.861111 0.0265625 0.0388889
0 0.149219 0.460417 0.0234375 0.0375
0 0.126563 0.752778 0.025 0.0472222
