0 0.231641 0.605556 0.0257812 0.05
0 0.621094 0.439583 0.0171875 0.0263889
0 0.107813 0.642361 0.0203125 0.0375
0 0.567969 0.695139 0.0265625 0.0430556
0 0.970703 0.0375 0.0257812 0.0388889
0 0.0964844 0.629167 0.0164062 0.0333333
0 0.60625 0.447917 0.0265625 0.0375
0 0.544531 0.686806 0.0296875 0.0430556
0 0.128906 0.740972 0.0234375 0.0458333
0 0.856641 0.308333 0.0257812 0.0472222
0 0.159375 0.980556 0.0234375 0.0361111
0 0.129688 0.654861 0.028125 0.0541667
0 0.319922 0.205556 0.0257812 0.0361111
