0 0.500781 0.489583 0.025 0.0347222
0 0.395312 0.0125 0.025 0.0222222
0 0.416406 0.0145833 0.0234375 0.0263889
0 0.417578 0.0354167 0.0304688 0.0402778
0 0.548828 0.21875 0.0242187 0.0375
0 0.996094 0.689583 0.0078125 0.0569444
0 0.252344 0.565278 0.028125 0.0388889
0 0.535547 0.204167 0.0226563 0.0333333
0 0.255859 0.613194 0.0257812 0.0347222
0 0.361328 0.861111 0.0179687 0.0277778
0 0.140234 0.977083 0.0257812 0.0402778
0 0.761719 0.06875 0.03125 0.0513889
0 0.38125 0.423611 0.028125 0.0416667
0 0.0871094 0.750694 0.0210938 0.0375
0 0.280859 0.6125 0.0257812 0.0416667
0 0.570703 0.774306 0.0242187 0.0347222
0 0.377344 0.877083 0.0234375 0.0375
0 0.591016 0.977778 0.0242187 0.0388889
0 0.0722656 0.940278 0.0210938 0.0333333
0 0.554688 0.745139 0.025 0.0375
0 0.579687 0.739583 0.0265625 0.0402778
0 0.427734 0.475694 0.0242187 0.0319444
0 0.457812 0.590972 0.021875 0.0319444
0 0.5875 0.934028 0.028125 0.0486111
