0 0.9875 0.0159722 0.021875 0.0319444
0 0.985937 0.0916667 0.021875 0.05
0 0.953906 0.127778 0.0265625 0.0583333
0 0.95 0.145833 0.025 0.0472222
0 0.982031 0.0756944 0.025 0.0486111
0 0.991406 0.136111 0.0171875 0.0444444
0 0.959766 0.105556 0.0242187 0.0472222
0 0.930469 0.908333 0.028125 0.0416667
0 0.2875 0.419444 0.0234375 0.0361111
0 0.535547 0.470833 0.0304688 0.0472222
0 0.392969 0.335417 0.0203125 0.0319444
0 0.11875 0.622222 0.0140625 0.025
0 0.0496094 0.181944 0.0195312 0.0333333
0 0.416797 0.814583 0.0242187 0.0402778
0 0.0683594 0.19375 0.0242187 0.0402778
0 0.356641 0.126389 0.0210938 0.0388889
0 0.175391 0.315278 0.0257812 0.0416667
0 0.477734 0.8375 0.0257812 0.0444444
