0 0.308594 0.0701389 0.021875 0.0347222
0 0.0863281 0.983333 0.0195312 0.025
0 0.477344 0.742361 0.0171875 0.0236111
0 0.645703 0.561111 0.0289063 0.0361111
0 0.102344 0.981944 0.01875 0.0305556
0 0.0929687 0.952083 0.01875 0.0291667
0 0.473828 0.774306 0.0320312 0.0486111
0 0.640625 0.641667 0.0265625 0.0416667
0 0.480859 0.822222 0.0273438 0.05
0 0.459375 0.804167 0.0234375 0.0388889
0 0.639844 0.595833 0.03125 0.0444444
0 0.980469 0.580556 0.0171875 0.025
0 0.55625 0.1625 0.021875 0.0305556
0 0.853906 0.400694 0.0265625 0.0375
