0 0.545313 0.610417 0.01875 0.0402778
0 0.557031 0.597917 0.021875 0.0486111
0 0.2375 0.923611 0.0234375 0.0416667
0 0.538672 0.561806 0.0210938 0.0402778
0 0.559375 0.666667 0.025 0.0472222
0 0.979688 0.623611 0.0265625 0.0361111
0 0.561719 0.615278 0.021875 0.0388889
0 0.583203 0.635417 0.0257812 0.0430556
0 0.125 0.945833 0.0234375 0.0472222
0 0.555078 0.581944 0.0179687 0.0333333
0 0.100391 0.184722 0.0273438 0.0388889
0 0.232422 0.932639 0.0195312 0.0375
0 0.230859 0.889583 0.0210938 0.0319444
0 0.11875 0.905556 0.021875 0.0388889
0 0.542188 0.677778 0.0328125 0.0555556
0 0.117188 0.271528 0.028125 0.0430556
0 0.140234 0.902778 0.0226563 0.0472222
0 0.142969 0.445139 0.025 0.0402778
0 0.606641 0.440972 0.0226563 0.0319444
0 0.594922 0.606944 0.0257812 0.0472222
0 0.519141 0.64375 0.0304688 0.0513889
0 0.542578 0.545139 0.0257812 0.0375
0 0.249609 0.913889 0.0242187 0.0416667
0 0.717578 0.909028 0.0226563 0.0402778
0 0.6 0.0291667 0.0296875 0.0444444
0 0.722656 0.952778 0.0234375 0.0416667
0 0.536719 0.575694 0.0203125 0.0347222
0 0.566016 0.365278 0.0195312 0.025
0 0.353516 0.977083 0.0273438 0.0458333
0 0.147656 0.559722 0.015625 0.025
0 0.339844 0.94375 0.0234375 0.0402778
0 0.0628906 0.39375 0.0195312 0.0319444
0 0.0847656 0.968056 0.0242187 0.05
0 0.864844 0.73125 0.0296875 0.0513889
0 0.104297 0.464583 0.0273438 0.0430556
0 0.715234 0.195833 0.0289063 0.0472222
