0 0.685547 0.421528 0.0226563 0.0319444
0 0.166016 0.471528 0.0210938 0.0319444
0 0.683594 0.40625 0.0234375 0.0347222
0 0.158594 0.495139 0.0296875 0.0458333
0 0.203516 0.479861 0.0195312 0.0291667
0 0.340625 0.204167 0.0296875 0.0527778
0 0.320312 0.240972 0.0234375 0.0402778
0 0.667578 0.439583 0.0289063 0.0402778
0 0.922266 0.346528 0.0335938 0.0625
0 0.657031 0.404167 0.028125 0.0361111
0 0.341406 0.254861 0.025 0.0430556
0 0.669141 0.503472 0.0210938 0.0402778
0 0.801953 0.888889 0.0257812 0.0472222
0 0.9875 0.638194 0.0234375 0.0402778
