0 0.810156 0.334028 0.0265625 0.0458333
0 0.176172 0.636806 0.0304688 0.0430556
0 0.090625 0.0131944 0.0265625 0.0236111
0 0.735937 0.554167 0.025 0.0361111
0 0.185547 0.652778 0.0257812 0.0416667
0 0.16875 0.627778 0.0265625 0.0388889
0 0.903906 0.330556 0.0234375 0.0333333
0 0.766797 0.554167 0.0273438 0.0416667
0 0.0753906 0.349306 0.0210938 0.0347222
0 0.0625 0.307639 0.0234375 0.0319444
0 0.853516 0.804861 0.0210938 0.0319444
0 0.0800781 0.381944 0.0257812 0.0361111
0 0.616797 0.974306 0.0257812 0.0430556
