0 0.129297 0.617361 0.0164062 0.0291667
0 0.0113281 0.560417 0.0210938 0.0402778
0 0.103906 0.652083 0.0203125 0.0319444
0 0.115234 0.616667 0.0226563 0.0361111
0 0.0898438 0.6625 0.01875 0.0333333
0 0.8875 0.395833 0.021875 0.0305556
0 0.900391 0.422917 0.0226563 0.0319444
0 0.619922 0.0173611 0.0289063 0.0347222
0 0.139453 0.629167 0.0226563 0.0361111
0 0.123828 0.659028 0.0257812 0.0402778
0 0.101562 0.685417 0.0234375 0.0347222
0 0.645703 0.0180556 0.0257812 0.0361111
0 0.894531 0.157639 0.025 0.0402778
0 0.267188 0.952778 0.021875 0.0305556
0 0.875781 0.3625 0.021875 0.0361111
0 0.876562 0.322917 0.021875 0.0375
0 0.547266 0.706944 0.0179687 0.0305556
0 0.707422 0.28125 0.0226563 0.0347222
0 0.554297 0.415972 0.0195312 0.0347222
0 0.226562 0.402778 0.021875 0.0305556
0 0.245703 0.94375 0.0257812 0.0347222
0 0.785156 0.894444 0.0265625 0.05
