0 0.719922 0.578472 0.0289063 0.0319444
0 0.0179687 0.669444 0.0296875 0.0472222
0 0.409766 0.116667 0.0351562 0.0611111
0 0.659766 0.815278 0.0195312 0.0305556
0 0.720703 0.611111 0.0257812 0.0361111
0 0.647266 0.820833 0.0164062 0.0333333
0 0.0257812 0.721528 0.0171875 0.0319444
0 0.637109 0.681944 0.0210938 0.0333333
0 0.622266 0.709028 0.0242187 0.0375
0 0.105469 0.879861 0.025 0.0402778
0 0.141406 0.897917 0.028125 0.0458333
0 0.913672 0.116667 0.0289063 0.0472222
0 0.340625 0.895833 0.028125 0.0416667
0 0.359766 0.917361 0.0257812 0.0375
