0 0.106641 0.461806 0.0195312 0.0291667
0 0.750391 0.810417 0.0257812 0.0486111
0 0.836328 0.00833333 0.0242187 0.0166667
0 0.607813 0.157639 0.021875 0.0347222
0 0.104687 0.574306 0.0234375 0.0375
0 0.338672 0.416667 0.0242187 0.0333333
0 0.328125 0.388194 0.021875 0.0347222
0 0.0332031 0.202083 0.0242187 0.0375
0 0.655469 0.423611 0.025 0.0305556
0 0.118359 0.558333 0.0242187 0.0388889
0 0.350781 0.394444 0.0203125 0.0305556
0 0.631641 0.170139 0.0289063 0.0375
0 0.657422 0.392361 0.0210938 0.0291667
0 0.623047 0.134722 0.0226563 0.0361111
0 0.310547 0.704861 0.0257812 0.0458333
0 0.641406 0.143056 0.0203125 0.0305556
0 0.369531 0.236111 0.0203125 0.0277778
0 0.646484 0.457639 0.0289063 0.0375
0 0.333594 0.726389 0.025 0.0416667
0 0.457031 0.841667 0.025 0.0361111
0 0.520703 0.614583 0.0226563 0.0319444
0 0.156641 0.381944 0.0273438 0.0416667
0 0.752734 0.790972 0.0226563 0.0319444
0 0.328906 0.680556 0.0265625 0.0416667
0 0.748828 0.827083 0.0289063 0.0430556
0 0.351953 0.0979167 0.0242187 0.0402778
0 0.59375 0.954167 0.0265625 0.0416667
0 0.816406 0.929861 0.0296875 0.0458333
0 0.827734 0.89375 0.0273438 0.0430556
