0 0.758203 0.667361 0.0289063 0.0402778
0 0.596484 0.666667 0.0429688 0.05
0 0.763672 0.652083 0.0226563 0.0347222
0 0.242969 0.4625 0.03125 0.0444444
0 0.253125 0.505556 0.0234375 0.0388889
0 0.252734 0.463889 0.0210938 0.0361111
0 0.855078 0.894444 0.0226563 0.0361111
0 0.766016 0.640278 0.0195312 0.0277778
0 0.751562 0.6625 0.0203125 0.0361111
0 0.232031 0.50625 0.0265625 0.0430556
0 0.892578 0.974306 0.0273438 0.0402778
0 0.420312 0.529861 0.0203125 0.0291667
0 0.766797 0.675694 0.0273438 0.0402778
0 0.541797 0.378472 0.0210938 0.0347222
0 0.560547 0.364583 0.0210938 0.0347222
0 0.185156 0.130556 0.01875 0.0277778
0 0.23125 0.463194 0.0265625 0.0458333
0 0.205078 0.424306 0.0289063 0.0486111
0 0.581641 0.68125 0.0273438 0.0430556
0 0.123047 0.590972 0.0195312 0.0319444
0 0.274609 0.133333 0.0226563 0.0388889
0 0.147266 0.291667 0.0273438 0.0416667
0 0.605078 0.65 0.0304688 0.05
0 0.634766 0.831944 0.0242187 0.0416667
