0 0.144141 0.150694 0.0257812 0.0513889
0 0.101172 0.93125 0.0273438 0.0458333
0 0.274219 0.627083 0.021875 0.0347222
0 0.135547 0.164583 0.0226563 0.0347222
0 0.265625 0.609028 0.021875 0.0347222
0 0.524219 0.319444 0.0203125 0.0333333
0 0.145703 0.175 0.0226563 0.0388889
0 0.129297 0.130556 0.0210938 0.0333333
0 0.0140625 0.981944 0.01875 0.0305556
0 0.251172 0.647222 0.0242187 0.0388889
0 0.14375 0.136111 0.01875 0.0333333
0 0.735937 0.984028 0.01875 0.0263889
0 0.109766 0.915972 0.0242187 0.0402778
0 0.291406 0.608333 0.0234375 0.0388889
0 0.223047 0.734722 0.0242187 0.0388889
0 0.861719 0.122222 0.01875 0.0416667
0 0.487109 0.277083 0.0304688 0.0486111
0 0.209766 0.761806 0.0273438 0.0430556
0 0.0171875 0.95 0.0171875 0.0305556
0 0.461719 0.272917 0.028125 0.0430556
0 0.119922 0.593056 0.0195312 0.0305556
0 0.0953125 0.944444 0.025 0.0388889
0 0.682031 0.901389 0.025 0.0444444
0 0.451953 0.140278 0.0273438 0.0416667
0 0.707031 0.901389 0.028125 0.05
0 0.473828 0.159722 0.0257812 0.0388889
