0 0.0992187 0.989583 0.021875 0.0152778
0 0.996484 0.708333 0.00703125 0.0388889
0 0.615625 0.253472 0.01875 0.0319444
0 0.635547 0.236806 0.0226563 0.0347222
0 0.00351562 0.947222 0.00703125 0.0388889
0 0.991797 0.736111 0.0164062 0.0388889
0 0.634375 0.265278 0.025 0.0388889
0 0.653125 0.255556 0.0171875 0.0305556
0 0.616016 0.225694 0.0210938 0.0319444
0 0.853906 0.258333 0.0203125 0.0277778
0 0.642578 0.385417 0.0273438 0.0402778
0 0.0113281 0.709722 0.0179687 0.0305556
0 0.642969 0.516667 0.0234375 0.0333333
0 0.111328 0.525 0.0242187 0.0361111
0 0.0894531 0.486111 0.0289063 0.0444444
0 0.771875 0.4125 0.021875 0.0361111
0 0.599219 0.198611 0.025 0.0361111
0 0.68125 0.922222 0.0265625 0.0388889
