0 0.992969 0.473611 0.0140625 0.0472222
0 0.622656 0.971528 0.01875 0.0375
0 0.608984 0.977083 0.0226563 0.0430556
0 0.610156 0.941667 0.0234375 0.0388889
0 0.63125 0.913194 0.0265625 0.0486111
0 0.916797 0.571528 0.0273438 0.0513889
0 0.458984 0.773611 0.0210938 0.0388889
0 0.640234 0.959028 0.0210938 0.0458333
0 0.444141 0.742361 0.0257812 0.0402778
0 0.434375 0.776389 0.025 0.0444444
0 0.608594 0.898611 0.025 0.0416667
0 0.975 0.470139 0.028125 0.0569444
0 0.0554687 0.628472 0.0171875 0.0319444
0 0.114844 0.223611 0.021875 0.0388889
0 0.124219 0.932639 0.021875 0.0347222
0 0.445703 0.325694 0.0273438 0.0375
0 0.0988281 0.938889 0.0273438 0.0416667
0 0.398047 0.779167 0.0289063 0.0472222
0 0.0707031 0.607639 0.0210938 0.0375
0 0.922656 0.856944 0.0265625 0.0361111
0 0.0171875 0.361806 0.01875 0.0319444
