0 0.76875 0.315972 0.028125 0.0513889
0 0.451562 0.522222 0.0296875 0.0472222
0 0.948828 0.520139 0.0210938 0.0430556
0 0.00703125 0.502778 0.0140625 0.0333333
0 0.933984 0.484028 0.0257812 0.0458333
0 0.484375 0.16875 0.0234375 0.0458333
0 0.460938 0.675694 0.025 0.0402778
0 0.443359 0.83125 0.0226563 0.0319444
0 0.969531 0.0881944 0.0296875 0.0513889
0 0.453516 0.861111 0.0226563 0.0333333
0 0.926562 0.539583 0.0296875 0.0541667
0 0.335156 0.361111 0.0296875 0.05
0 0.403906 0.76875 0.025 0.0375
