0 0.151953 0.830556 0.0445312 0.0527778
0 0.739844 0.344444 0.025 0.0388889
0 0.989062 0.0166667 0.0203125 0.025
0 0.0738281 0.88125 0.0195312 0.0319444
0 0.724609 0.316667 0.0289063 0.05
0 0.0816406 0.875694 0.0195312 0.0375
0 0.799609 0.39375 0.0242187 0.0375
0 0.817578 0.408333 0.0179687 0.025
0 0.0710938 0.848611 0.021875 0.0333333
0 0.954297 0.0729167 0.0195312 0.0347222
0 0.777734 0.400694 0.0210938 0.0319444
0 0.805859 0.431944 0.0273438 0.0388889
0 0.142578 0.810417 0.0257812 0.0375
0 0.231641 0.856944 0.0242187 0.0388889
0 0.166016 0.822222 0.0257812 0.0472222
0 0.143359 0.848611 0.0273438 0.0416667
0 0.822656 0.0222222 0.0265625 0.0416667
0 0.243359 0.891667 0.0242187 0.0388889
0 0.598437 0.405556 0.025 0.0361111
