0 0.622656 0.213194 0.028125 0.0513889
0 0.546094 0.989583 0.0140625 0.0125
0 0.222656 0.388194 0.025 0.0430556
0 0.003125 0.869444 0.00625 0.0305556
0 0.483984 0.208333 0.0273438 0.0361111
0 0.783203 0.277778 0.0289063 0.0444444
0 0.310547 0.397917 0.0210938 0.0291667
0 0.626172 0.227778 0.0273438 0.0388889
0 0.771484 0.251389 0.0226563 0.0361111
0 0.528125 0.989583 0.01875 0.0208333
0 0.621094 0.190278 0.028125 0.0416667
0 0.104297 0.19375 0.0210938 0.0402778
0 0.358984 0.835417 0.0226563 0.0347222
0 0.255469 0.765278 0.025 0.0388889
0 0.352344 0.899306 0.0234375 0.0347222
