0 0.156641 0.222917 0.0257812 0.0513889
0 0.426953 0.461111 0.0164062 0.0222222
0 0.476953 0.501389 0.0195312 0.0305556
0 0.995313 0.0798611 0.009375 0.0569444
0 0.994531 0.0472222 0.009375 0.0416667
0 0.49375 0.0104167 0.0203125 0.0208333
0 0.425391 0.475 0.0210938 0.0361111
0 0.996875 0.252083 0.00625 0.0263889
0 0.521094 0.0159722 0.021875 0.0236111
0 0.349219 0.286111 0.0203125 0.0333333
0 0.502734 0.0152778 0.0210938 0.025
0 0.530078 0.0166667 0.0179687 0.0277778
0 0.342187 0.301389 0.021875 0.0361111
0 0.337891 0.263194 0.0179687 0.0319444
0 0.0511719 0.875694 0.0226563 0.0402778
0 0.15625 0.204167 0.021875 0.0305556
0 0.494922 0.515278 0.0195312 0.0361111
0 0.465625 0.513889 0.0265625 0.0388889
0 0.425 0.488889 0.0234375 0.0416667
0 0.157031 0.240278 0.0265625 0.0388889
0 0.453125 0.477083 0.0265625 0.0402778
0 0.439844 0.513194 0.0234375 0.0402778
0 0.0574219 0.584028 0.0179687 0.0291667
0 0.604297 0.0361111 0.0210938 0.0388889
0 0.53125 0.738194 0.025 0.0402778
