0 0.837891 0.534722 0.0304688 0.0527778
0 0.461328 0.467361 0.0148437 0.0347222
0 0.453906 0.48125 0.0203125 0.0347222
0 0.448828 0.457639 0.0210938 0.0347222
0 0.180078 0.340278 0.0226563 0.0388889
0 0.446875 0.416667 0.028125 0.0472222
0 0.454297 0.386111 0.0179687 0.0333333
0 0.469922 0.985417 0.0257812 0.0291667
0 0.176563 0.477778 0.01875 0.0305556
0 0.497266 0.909722 0.0257812 0.0444444
0 0.471094 0.897917 0.0265625 0.0402778
0 0.446094 0.980556 0.0265625 0.0388889
0 0.0816406 0.606944 0.0242187 0.0361111
0 0.0855469 0.645833 0.0257812 0.0416667
0 0.820312 0.834028 0.025 0.0375
0 0.310547 0.961111 0.0273438 0.0416667
0 0.160156 0.545139 0.0265625 0.0402778
