0 0.610547 0.264583 0.0289063 0.0430556
0 0.0785156 0.374306 0.0195312 0.0347222
0 0.0574219 0.386806 0.0226563 0.0347222
0 0.0949219 0.396528 0.0242187 0.0375
0 0.0636719 0.355556 0.0226563 0.0305556
0 0.0808594 0.338194 0.0195312 0.0319444
0 0.0949219 0.361111 0.0210938 0.0361111
0 0.109375 0.330556 0.021875 0.0361111
0 0.532031 0.984722 0.021875 0.0305556
0 0.328906 0.738889 0.0234375 0.0388889
0 0.305078 0.575 0.0242187 0.0416667
0 0.120312 0.0583333 0.0203125 0.0333333
0 0.666406 0.5375 0.0265625 0.0416667
0 0.570312 0.454167 0.0296875 0.0472222
0 0.294531 0.652083 0.0265625 0.0430556
0 0.308984 0.618056 0.0257812 0.0444444
