0 0.0265625 0.679167 0.021875 0.0388889
0 0.0136719 0.683333 0.0210938 0.0388889
0 0.996875 0.852778 0.00625 0.05
0 0.749219 0.178472 0.0265625 0.0319444
0 0.0078125 0.676389 0.015625 0.0333333
0 0.0199219 0.693056 0.0242187 0.0361111
0 0.730469 0.166667 0.025 0.0361111
0 0.751953 0.20625 0.0289063 0.0375
0 0.74375 0.13125 0.0203125 0.0263889
0 0.101562 0.1875 0.021875 0.0333333
0 0.748828 0.153472 0.0210938 0.0319444
0 0.0300781 0.665972 0.0210938 0.0347222
0 0.948828 0.928472 0.0210938 0.0375
0 0.767969 0.173611 0.0234375 0.0361111
0 0.928906 0.926389 0.025 0.0472222
0 0.553906 0.0930556 0.0203125 0.0305556
0 0.230078 0.439583 0.0226563 0.0291667
0 0.45625 0.863194 0.01875 0.0263889
0 0.984766 0.242361 0.0257812 0.0375
0 0.314844 0.56875 0.0203125 0.0291667
0 0.353125 0.725 0.025 0.0361111
0 0.884766 0.427778 0.0289063 0.0416667
