0 0.941797 0.0201389 0.0257812 0.0402778
0 0.934766 0.0145833 0.0210938 0.0263889
0 0.966797 0.0194444 0.0289063 0.0388889
0 0.955469 0.0340278 0.0328125 0.0486111
0 0.667969 0.822917 0.025 0.0375
0 0.691797 0.834722 0.0226563 0.0361111
0 0.687109 0.8 0.0226563 0.0333333
0 0.235156 0.452778 0.021875 0.0333333
0 0.142969 0.629861 0.021875 0.0402778
0 0.122266 0.638889 0.0226563 0.0416667
0 0.15 0.670833 0.021875 0.0444444
0 0.131641 0.598611 0.0210938 0.0388889
0 0.128516 0.675 0.0210938 0.0416667
0 0.109766 0.209028 0.0210938 0.0319444
0 0.516406 0.568056 0.028125 0.0472222
0 0.526563 0.613194 0.028125 0.0486111
0 0.937891 0.377778 0.0226563 0.0305556
0 0.943359 0.504861 0.0179687 0.0291667
0 0.0582031 0.154861 0.0226563 0.0375
0 0.0664062 0.753472 0.01875 0.0375
0 0.900781 0.420833 0.0234375 0.0416667
0 0.35625 0.877778 0.028125 0.0472222
0 0.205859 0.863889 0.0226563 0.0416667
0 0.842578 0.608333 0.0289063 0.0388889
