0 0.791797 0.722917 0.0273438 0.0458333
0 0.0957031 0.144444 0.0242187 0.0361111
0 0.114063 0.116667 0.021875 0.0333333
0 0.972656 0.688194 0.028125 0.0458333
0 0.09375 0.163889 0.025 0.0388889
0 0.118359 0.158333 0.0242187 0.0388889
0 0.130859 0.127778 0.0210938 0.0361111
0 0.0175781 0.782639 0.0242187 0.0375
0 0.186328 0.483333 0.0210938 0.0305556
0 0.343359 0.625694 0.0242187 0.0375
0 0.330859 0.655556 0.0242187 0.0388889
0 0.352344 0.6625 0.0234375 0.0388889
0 0.183203 0.515278 0.0242187 0.0333333
0 0.203516 0.0965278 0.0242187 0.0402778
0 0.936328 0.666667 0.0195312 0.0277778
0 0.700391 0.220139 0.0257812 0.0402778
0 0.0105469 0.09375 0.0179687 0.0375
0 0.167578 0.770833 0.0242187 0.0361111
0 0.603516 0.577778 0.0210938 0.0305556
0 0.676562 0.228472 0.028125 0.0458333
