0 0.544141 0.01875 0.0226563 0.0291667
0 0.520312 0.0111111 0.0265625 0.0222222
0 0.530469 0.0361111 0.028125 0.0361111
0 0.375391 0.525694 0.0210938 0.0291667
0 0.304688 0.317361 0.0234375 0.0319444
0 0.802734 0.0111111 0.0195312 0.0222222
0 0.316016 0.284028 0.0242187 0.0319444
0 0.381641 0.547222 0.0195312 0.0277778
0 0.335156 0.305556 0.0234375 0.0361111
0 0.325391 0.340278 0.0226563 0.0333333
0 0.386328 0.334722 0.0195312 0.0277778
0 0.609375 0.685417 0.0234375 0.0347222
0 0.962891 0.974306 0.0273438 0.0375
0 0.375391 0.356944 0.0273438 0.0361111
