0 0.859375 0.41875 0.0296875 0.0347222
0 0.970703 0.917361 0.0414063 0.0430556
0 0.101953 0.484722 0.0210938 0.0333333
0 0.501562 0.05625 0.021875 0.0319444
0 0.326562 0.411806 0.01875 0.0263889
0 0.775 0.536111 0.0234375 0.0305556
0 0.760156 0.5125 0.025 0.0305556
0 0.791016 0.515972 0.0226563 0.0319444
0 0.110937 0.463194 0.021875 0.0347222
0 0.350391 0.427778 0.0273438 0.0472222
0 0.867578 0.409028 0.0226563 0.0291667
0 0.258594 0.734722 0.0234375 0.0361111
0 0.0976562 0.445139 0.01875 0.0319444
0 0.957422 0.9125 0.0273438 0.0416667
0 0.732031 0.714583 0.0296875 0.0458333
0 0.379297 0.426389 0.0257812 0.0416667
0 0.849609 0.426389 0.0273438 0.0388889
0 0.506641 0.438889 0.0210938 0.025
0 0.398047 0.820139 0.0289063 0.0458333
0 0.125 0.4875 0.0203125 0.0333333
0 0.326953 0.440972 0.0257812 0.0402778
0 0.425781 0.734028 0.0328125 0.0486111
0 0.983594 0.920139 0.0265625 0.0402778
0 0.178906 0.291667 0.028125 0.0416667
0 0.63125 0.274306 0.028125 0.0402778
