0 0.274219 0.357639 0.040625 0.0458333
0 0.211328 0.430556 0.0273438 0.0388889
0 0.273047 0.388194 0.0195312 0.0402778
0 0.215625 0.397222 0.0234375 0.0333333
0 0.290234 0.415972 0.0179687 0.0291667
0 0.293359 0.3875 0.0257812 0.0444444
0 0.550391 0.745833 0.0320312 0.0416667
0 0.258203 0.411806 0.0195312 0.0347222
0 0.907812 0.913194 0.025 0.0458333
0 0.257422 0.374306 0.0242187 0.0430556
0 0.95625 0.222917 0.021875 0.0375
0 0.283203 0.347222 0.0257812 0.0416667
0 0.734766 0.10625 0.0210938 0.0375
0 0.722656 0.1375 0.025 0.0444444
0 0.307813 0.340278 0.025 0.0444444
0 0.508594 0.904861 0.025 0.0402778
