0 0.106641 0.444444 0.0195312 0.0333333
0 0.665234 0.986806 0.0242187 0.0236111
0 0.10625 0.434722 0.015625 0.0222222
0 0.609375 0.875 0.0328125 0.0444444
0 0.180859 0.322917 0.0226563 0.0402778
0 0.106641 0.466667 0.0257812 0.0388889
0 0.158203 0.334028 0.0273438 0.0458333
0 0.205078 0.375694 0.0257812 0.0402778
0 0.838672 0.457639 0.0242187 0.0430556
0 0.414062 0.967361 0.0234375 0.0402778
0 0.974219 0.848611 0.028125 0.0444444
0 0.208594 0.334722 0.0265625 0.0416667
0 0.0359375 0.457639 0.0171875 0.0263889
0 0.227344 0.844444 0.0203125 0.0305556
0 0.848047 0.619444 0.0226563 0.0388889
