0 0.0238281 0.128472 0.0289063 0.0458333
0 0.211719 0.283333 0.021875 0.0305556
0 0.310547 0.493056 0.0226563 0.025
0 0.303125 0.465278 0.0171875 0.025
0 0.307031 0.459722 0.0171875 0.0222222
0 0.361328 0.270833 0.0226563 0.0361111
0 0.371094 0.234722 0.0234375 0.0305556
0 0.303125 0.7625 0.028125 0.0361111
0 0.283984 0.703472 0.0210938 0.0291667
0 0.0234375 0.0833333 0.01875 0.0333333
0 0.420703 0.5375 0.0257812 0.0444444
0 0.0324219 0.109028 0.0195312 0.0319444
0 0.229687 0.301389 0.021875 0.0305556
0 0.0117188 0.120833 0.021875 0.0444444
0 0.376563 0.276389 0.01875 0.0305556
0 0.327344 0.708333 0.021875 0.0361111
0 0.236328 0.261806 0.0164062 0.0263889
0 0.410547 0.519444 0.0257812 0.0388889
0 0.248047 0.297222 0.0179687 0.0277778
0 0.00976562 0.0861111 0.0179687 0.0333333
0 0.260156 0.45625 0.0234375 0.0402778
0 0.398438 0.567361 0.025 0.0402778
0 0.439453 0.555556 0.0273438 0.0444444
0 0.216797 0.252083 0.0226563 0.0319444
0 0.276563 0.4625 0.0203125 0.0333333
0 0.0292969 0.140278 0.0242187 0.0416667
0 0.437109 0.505556 0.0257812 0.0388889
0 0.327344 0.451389 0.025 0.0388889
0 0.179688 0.413194 0.0234375 0.0347222
0 0.465625 0.908333 0.028125 0.0444444
0 0.415625 0.661111 0.0234375 0.0333333
