0 0.980078 0.613194 0.0226563 0.0458333
0 0.271094 0.695139 0.0265625 0.0430556
0 0.601953 0.127778 0.0210938 0.0361111
0 0.282813 0.704167 0.0203125 0.0361111
0 0.586328 0.125 0.0179687 0.0388889
0 0.0441406 0.0416667 0.0335938 0.0472222
0 0.292969 0.736806 0.03125 0.0319444
0 0.341406 0.952083 0.025 0.0375
0 0.612109 0.10625 0.0195312 0.0347222
0 0.255859 0.228472 0.0273438 0.0375
0 0.075 0.175 0.0296875 0.0444444
0 0.225391 0.284722 0.0226563 0.0416667
0 0.244922 0.273611 0.0242187 0.05
0 0.299609 0.708333 0.0242187 0.0361111
0 0.769141 0.303472 0.0289063 0.0486111
0 0.624609 0.798611 0.0226563 0.0333333
0 0.348437 0.159722 0.0265625 0.0388889
0 0.285547 0.679167 0.0273438 0.0416667
0 0.819141 0.429167 0.0257812 0.0444444
0 0.265234 0.705556 0.0242187 0.0388889
0 0.252344 0.43125 0.025 0.0347222
0 0.686328 0.715278 0.0289063 0.0472222
