0 0.307031 0.316667 0.0234375 0.0361111
0 0.323047 0.264583 0.0226563 0.0319444
0 0.0203125 0.375 0.01875 0.0277778
0 0.319141 0.295139 0.0226563 0.0319444
0 0.827734 0.679861 0.0273438 0.0402778
0 0.212891 0.780556 0.0304688 0.0472222
0 0.0160156 0.384722 0.0179687 0.0277778
0 0.0210938 0.353472 0.0203125 0.0347222
0 0.298828 0.30625 0.0164062 0.0263889
0 0.314453 0.269444 0.0257812 0.0361111
0 0.833984 0.697222 0.0257812 0.0416667
0 0.341406 0.419444 0.0234375 0.0333333
0 0.580078 0.354167 0.0242187 0.0333333
0 0.787891 0.413194 0.0273438 0.0402778
0 0.340234 0.939583 0.0242187 0.0319444
0 0.826563 0.725 0.01875 0.0277778
0 0.359766 0.950694 0.0226563 0.0319444
0 0.310547 0.327778 0.0210938 0.0305556
0 0.344922 0.447917 0.0242187 0.0375
0 0.823828 0.667361 0.0257812 0.0375
0 0.320312 0.448611 0.025 0.0388889
0 0.0191406 0.321528 0.0210938 0.0319444
0 0.201172 0.303472 0.0257812 0.0375
0 0.780078 0.697917 0.0304688 0.0513889
0 0.643359 0.920833 0.0195312 0.0305556
0 0.9875 0.308333 0.025 0.0472222
