0 0.486719 0.811806 0.025 0.0375
0 0.605859 0.305556 0.0273438 0.0472222
0 0.599219 0.289583 0.0234375 0.0430556
0 0.626953 0.181944 0.0289063 0.0472222
0 0.511328 0.827083 0.0226563 0.0347222
0 0.514453 0.864583 0.0242187 0.0402778
0 0.573438 0.284028 0.028125 0.0486111
0 0.489844 0.851389 0.028125 0.05
0 0.774219 0.765278 0.0203125 0.0333333
0 0.956641 0.6125 0.0335938 0.0555556
0 0.862891 0.618056 0.0195312 0.0305556
0 0.79375 0.745139 0.0265625 0.0430556
0 0.853125 0.69375 0.0296875 0.0486111
0 0.532422 0.363194 0.0289063 0.0458333
