0 0.149609 0.400694 0.0273438 0.0486111
0 0.290234 0.696528 0.0148437 0.0236111
0 0.29375 0.703472 0.01875 0.0291667
0 0.298828 0.710417 0.0226563 0.0347222
0 0.308203 0.579861 0.0257812 0.0375
0 0.119922 0.0145833 0.0242187 0.0291667
0 0.232812 0.136806 0.0265625 0.0375
0 0.292969 0.554861 0.025 0.0402778
0 0.318359 0.553472 0.0273438 0.0458333
0 0.818359 0.277083 0.0273438 0.0375
0 0.282813 0.721528 0.025 0.0375
0 0.157422 0.386111 0.0242187 0.0361111
0 0.144141 0.415278 0.0242187 0.0361111
0 0.573438 0.402778 0.025 0.0388889
0 0.0125 0.939583 0.021875 0.0458333
0 0.559766 0.441667 0.0304688 0.05
0 0.659375 0.529167 0.028125 0.0472222
0 0.324609 0.711111 0.0226563 0.0361111
