0 0.00898437 0.359722 0.0179687 0.0444444
0 0.00429688 0.343056 0.00859375 0.0333333
0 0.133984 0.398611 0.0210938 0.0333333
0 0.146875 0.435417 0.0203125 0.0347222
0 0.121875 0.425 0.028125 0.0472222
0 0.015625 0.366667 0.0234375 0.0416667
0 0.0417969 0.0826389 0.0226563 0.0291667
0 0.0957031 0.302083 0.0210938 0.0347222
0 0.731641 0.838194 0.0257812 0.0402778
0 0.0257812 0.0951389 0.01875 0.0347222
0 0.0433594 0.117361 0.0242187 0.0375
0 0.108594 0.334722 0.0265625 0.0416667
0 0.198437 0.432639 0.0171875 0.0236111
0 0.275781 0.157639 0.0265625 0.0402778
