0 0.953516 0.593056 0.0257812 0.0472222
0 0.786719 0.326389 0.0296875 0.0333333
0 0.736719 0.218056 0.0265625 0.0361111
0 0.757422 0.0173611 0.0289063 0.0319444
0 0.728906 0.0159722 0.0375 0.0319444
0 0.116797 0.646528 0.0179687 0.0291667
0 0.759766 0.223611 0.0257812 0.0333333
0 0.740234 0.195139 0.0210938 0.0319444
0 0.373047 0.578472 0.0320312 0.0513889
0 0.987109 0.824306 0.0242187 0.0375
0 0.101172 0.655556 0.0195312 0.0305556
0 0.478516 0.548611 0.0210938 0.0305556
0 0.802734 0.188889 0.0242187 0.0361111
0 0.789844 0.125 0.01875 0.0277778
0 0.450781 0.429861 0.0265625 0.0375
0 0.760938 0.194444 0.0296875 0.0444444
0 0.800391 0.155556 0.0273438 0.0361111
0 0.733984 0.420139 0.0242187 0.0375
0 0.532812 0.904861 0.028125 0.0458333
0 0.191016 0.696528 0.0257812 0.0375
