0 0.3 0.452778 0.025 0.0444444
0 0.240625 0.896528 0.025 0.0430556
0 0.373828 0.891667 0.0117188 0.0222222
0 0.182422 0.216667 0.0179687 0.0361111
0 0.192578 0.203472 0.0242187 0.0375
0 0.0546875 0.752778 0.0234375 0.0361111
0 0.210938 0.220139 0.0234375 0.0402778
0 0.207422 0.0145833 0.0242187 0.0263889
0 0.749219 0.480556 0.0265625 0.0361111
0 0.040625 0.745833 0.0203125 0.0388889
0 0.0546875 0.784028 0.021875 0.0402778
0 0.312109 0.456944 0.0242187 0.0416667
0 0.280078 0.411806 0.0273438 0.0458333
0 0.292578 0.452778 0.0210938 0.0388889
0 0.306641 0.416667 0.0273438 0.0416667
0 0.737891 0.452778 0.0195312 0.0277778
0 0.759375 0.440972 0.025 0.0375
0 0.0765625 0.765278 0.0234375 0.0444444
0 0.190625 0.171528 0.021875 0.0347222
0 0.139844 0.025 0.021875 0.0361111
0 0.248047 0.115972 0.0210938 0.0347222
0 0.848828 0.449306 0.0257812 0.0430556
0 0.871484 0.60625 0.0273438 0.0430556
0 0.214844 0.176389 0.0265625 0.0416667
0 0.30625 0.625694 0.0234375 0.0402778
0 0.170703 0.0708333 0.0226563 0.0361111
0 0.084375 0.615278 0.0265625 0.0472222
0 0.896875 0.615972 0.0265625 0.0402778
