0 0.469531 0.05625 0.015625 0.0236111
0 0.469141 0.0777778 0.0195312 0.0333333
0 0.767187 0.506944 0.025 0.0361111
0 0.485938 0.0951389 0.0171875 0.0291667
0 0.748047 0.501389 0.0210938 0.0361111
0 0.484766 0.0576389 0.0210938 0.0291667
0 0.762891 0.530556 0.0289063 0.0333333
0 0.473437 0.111806 0.0234375 0.0430556
0 0.224219 0.191667 0.01875 0.025
0 0.772266 0.486111 0.0257812 0.0361111
0 0.512109 0.502778 0.0164062 0.025
0 0.853906 0.497222 0.0234375 0.0333333
0 0.505859 0.463194 0.0257812 0.0458333
0 0.528906 0.496528 0.01875 0.0263889
0 0.830078 0.507639 0.0257812 0.0347222
0 0.314453 0.465278 0.0257812 0.0388889
