0 0.269141 0.151389 0.0195312 0.0333333
0 0.947656 0.986806 0.0296875 0.0263889
0 0.264844 0.139583 0.0203125 0.0263889
0 0.401172 0.925 0.0242187 0.0388889
0 0.395312 0.957639 0.021875 0.0347222
0 0.421875 0.928472 0.028125 0.0375
0 0.397266 0.981944 0.0257812 0.0361111
0 0.28125 0.184722 0.025 0.0388889
0 0.423438 0.958333 0.025 0.0361111
0 0.264062 0.181944 0.0171875 0.0361111
0 0.291797 0.15625 0.0226563 0.0347222
0 0.159375 0.943056 0.0234375 0.0416667
0 0.949219 0.447917 0.0203125 0.0347222
0 0.933203 0.460417 0.0195312 0.0347222
0 0.971094 0.452083 0.025 0.0402778
