0 0.210156 0.438194 0.0234375 0.0430556
0 0.689062 0.213194 0.0203125 0.0402778
0 0.648438 0.197222 0.0234375 0.0444444
0 0.673047 0.202083 0.0210938 0.0402778
0 0.207813 0.421528 0.0234375 0.0319444
0 0.188281 0.451389 0.025 0.0361111
0 0.231641 0.436806 0.0257812 0.0430556
0 0.664453 0.238889 0.0257812 0.0472222
0 0.772656 0.9875 0.0265625 0.025
0 0.209766 0.466667 0.0226563 0.0361111
0 0.749609 0.984028 0.0273438 0.0319444
0 0.0367187 0.501389 0.0171875 0.0277778
0 0.137891 0.773611 0.0242187 0.0388889
0 0.678516 0.484722 0.0289063 0.0444444
