0 0.360547 0.277778 0.0335938 0.0611111
0 0.342578 0.261806 0.0210938 0.0291667
0 0.821875 0.123611 0.028125 0.0361111
0 0.0929687 0.401389 0.01875 0.0305556
0 0.339844 0.239583 0.01875 0.0291667
0 0.380469 0.240972 0.01875 0.0263889
0 0.0828125 0.4125 0.021875 0.0333333
0 0.649609 0.0243056 0.0335938 0.0486111
0 0.365234 0.256944 0.0304688 0.0472222
0 0.980469 0.325694 0.0234375 0.0402778
0 0.352734 0.293056 0.0304688 0.0444444
0 0.103125 0.432639 0.0234375 0.0347222
0 0.377344 0.882639 0.0265625 0.0402778
0 0.146484 0.714583 0.0273438 0.0402778
0 0.0582031 0.303472 0.0242187 0.0375
