0 0.279297 0.0395833 0.0226563 0.0319444
0 0.304688 0.0402778 0.0296875 0.05
0 0.977734 0.450694 0.0226563 0.0347222
0 0.990625 0.454861 0.0171875 0.0347222
0 0.110547 0.428472 0.0226563 0.0347222
0 0.641797 0.323611 0.0304688 0.0555556
0 0.641016 0.648611 0.0304688 0.0444444
0 0.666797 0.31875 0.0257812 0.0486111
0 0.130078 0.754167 0.0195312 0.0305556
0 0.430078 0.861111 0.0179687 0.025
0 0.305859 0.838194 0.0210938 0.0319444
0 0.605078 0.513194 0.0273438 0.0347222
0 0.775 0.724306 0.0234375 0.0347222
