0 0.114844 0.432639 0.0359375 0.0513889
0 0.0578125 0.98125 0.03125 0.0347222
0 0.0339844 0.318056 0.0382813 0.0583333
0 0.00859375 0.124306 0.0171875 0.0680556
0 0.966406 0.346528 0.0453125 0.0708333
0 0.975781 0.202778 0.0390625 0.0583333
0 0.0144531 0.705556 0.0289063 0.0527778
0 0.0914062 0.509028 0.0375 0.0625
0 0.688281 0.628472 0.0421875 0.0708333
0 0.935156 0.421528 0.040625 0.0625
0 0.922266 0.848611 0.0414063 0.0694444
0 0.641406 0.885417 0.0421875 0.0763889
0 0.174609 0.0881944 0.0367187 0.0569444
0 0.0898438 0.157639 0.03125 0.0569444
0 0.0898438 0.802778 0.0375 0.0611111
0 0.177734 0.171528 0.0382813 0.0652778
0 0.148438 0.864583 0.0390625 0.0597222
0 0.886328 0.485417 0.0460938 0.0625
0 0.478906 0.536806 0.0421875 0.0597222
0 0.461719 0.886111 0.0453125 0.0638889
0 0.643359 0.790278 0.0460938 0.0694444
0 0.173047 0.972222 0.0398437 0.0555556
0 0.422266 0.0819444 0.0429688 0.0666667
0 0.585547 0.0569444 0.0445312 0.075
