0 0.224609 0.0118056 0.0429688 0.0236111
0 0.647656 0.446528 0.03125 0.0541667
0 0.772656 0.976389 0.0375 0.0444444
0 0.336328 0.585417 0.0382813 0.0625
0 0.10625 0.185417 0.0390625 0.0652778
0 0.989844 0.429167 0.0203125 0.0722222
0 0.162891 0.774306 0.0367187 0.0652778
0 0.168359 0.0895833 0.0398437 0.0625
0 0.319922 0.0277778 0.0445312 0.0555556
0 0.583203 0.850694 0.0445312 0.0708333
0 0.988672 0.523611 0.0210938 0.075
0 0.186328 0.85 0.0367187 0.0611111
0 0.848047 0.463194 0.0414063 0.0625
0 0.757812 0.945139 0.0421875 0.0652778
0 0.985937 0.677083 0.028125 0.0680556
0 0.9375 0.551389 0.040625 0.0694444
0 0.610937 0.449306 0.04375 0.0763889
0 0.569922 0.432639 0.0429688 0.0736111
0 0.946094 0.716667 0.0390625 0.0666667
0 0.251953 0.958333 0.0382813 0.0638889
