0 0.991406 0.333333 0.0171875 0.05
0 0.00625 0.0881944 0.0125 0.0652778
0 0.0222656 0.258333 0.0429688 0.0777778
0 0.977734 0.988194 0.0382813 0.0236111
0 0.321875 0.272917 0.0375 0.0708333
0 0.153516 0.193056 0.0445312 0.0777778
0 0.790625 0.0958333 0.0359375 0.0611111
0 0.917188 0.531944 0.046875 0.0777778
0 0.695703 0.847222 0.0492188 0.075
0 0.816016 0.102778 0.0414063 0.0722222
0 0.750391 0.373611 0.0445312 0.0694444
0 0.153906 0.809722 0.0421875 0.0722222
0 0.967969 0.35 0.0453125 0.0666667
0 0.715234 0.884028 0.0445312 0.0708333
0 0.980078 0.288194 0.0398437 0.0736111
0 0.248047 0.0423611 0.0351562 0.0541667
0 0.398828 0.2625 0.0367187 0.0611111
0 0.0921875 0.375694 0.0375 0.0652778
0 0.286328 0.270833 0.0445312 0.0666667
0 0.309375 0.473611 0.0421875 0.0722222
0 0.494531 0.884722 0.04375 0.0722222
0 0.979297 0.857639 0.0414063 0.0763889
0 0.322266 0.136806 0.0429688 0.0708333
0 0.597266 0.929167 0.0414063 0.0694444
0 0.940234 0.95 0.0429688 0.075
0 0.620313 0.420139 0.0421875 0.0652778
