0 0.0242187 0.396528 0.0359375 0.0569444
0 0.139844 0.550694 0.0203125 0.0291667
0 0.00820312 0.136111 0.0164062 0.0527778
0 0.025 0.122222 0.034375 0.0527778
0 0.486719 0.878472 0.0453125 0.0625
0 0.530469 0.479167 0.0453125 0.075
0 0.191016 0.836806 0.0382813 0.0652778
0 0.517187 0.877778 0.040625 0.0583333
0 0.316406 0.88125 0.0390625 0.0597222
0 0.563672 0.884722 0.0445312 0.0638889
0 0.232031 0.790278 0.0375 0.0527778
0 0.880469 0.0659722 0.0453125 0.0763889
0 0.292969 0.0256944 0.046875 0.0513889
0 0.442578 0.511806 0.0382813 0.0486111
0 0.138281 0.584722 0.040625 0.0611111
0 0.155469 0.0340278 0.0375 0.0513889
0 0.105859 0.329167 0.0367187 0.0527778
0 0.532031 0.938194 0.0453125 0.0597222
0 0.163672 0.553472 0.0351562 0.0541667
0 0.879297 0.313194 0.0398437 0.0652778
0 0.678906 0.202778 0.04375 0.0722222
0 0.824609 0.370139 0.0492188 0.0652778
0 0.684766 0.390972 0.0398437 0.0680556
0 0.0898438 0.366667 0.0375 0.0527778
0 0.202734 0.749306 0.0382813 0.0569444
0 0.366406 0.148611 0.04375 0.0583333
0 0.404687 0.85625 0.04375 0.0597222
0 0.361328 0.58125 0.0398437 0.0625
0 0.239844 0.695139 0.0421875 0.0597222
0 0.746094 0.0597222 0.04375 0.0694444
0 0.139062 0.465278 0.034375 0.0527778
