0 0.433594 0.0340278 0.0484375 0.0625
0 0.382031 0.819444 0.0375 0.0666667
0 0.601562 0.88125 0.040625 0.0763889
0 0.980469 0.0444444 0.0390625 0.0638889
0 0.490625 0.699306 0.0375 0.0652778
0 0.407813 0.261806 0.0484375 0.0597222
0 0.0433594 0.620833 0.0367187 0.0583333
0 0.626562 0.200694 0.0421875 0.0597222
0 0.907422 0.0770833 0.0382813 0.0652778
0 0.983203 0.204861 0.0335938 0.0597222
0 0.710938 0.198611 0.04375 0.0638889
0 0.979688 0.703472 0.0375 0.0513889
0 0.2875 0.932639 0.040625 0.0597222
0 0.265625 0.484722 0.0453125 0.0611111
0 0.561328 0.824306 0.0414063 0.0763889
0 0.821484 0.416667 0.0476562 0.0611111
0 0.698047 0.719444 0.0414063 0.0833333
0 0.504297 0.830556 0.0382813 0.0722222
0 0.878125 0.25 0.046875 0.0694444
0 0.286328 0.332639 0.0429688 0.0597222
0 0.414453 0.834028 0.0414063 0.0680556
0 0.452734 0.315278 0.0398437 0.0611111
0 0.948828 0.591667 0.0445312 0.075
0 0.334766 0.740972 0.0382813 0.0625
0 0.530078 0.951389 0.0445312 0.0722222
