0 0.828125 0.290278 0.0375 0.0583333
0 0.389844 0.126389 0.03125 0.0416667
0 0.0273438 0.09375 0.0359375 0.0569444
0 0.824219 0.0236111 0.053125 0.0444444
0 0.204688 0.335417 0.04375 0.0625
0 0.398828 0.411806 0.0304688 0.0430556
0 0.539062 0.960417 0.0375 0.0597222
0 0.737891 0.565278 0.0382813 0.0583333
0 0.164844 0.871528 0.0375 0.0652778
0 0.778125 0.954167 0.053125 0.0666667
0 0.294922 0.0694444 0.0414063 0.0666667
0 0.16875 0.653472 0.034375 0.0597222
0 0.88125 0.741667 0.0421875 0.0694444
0 0.826172 0.948611 0.0398437 0.0694444
0 0.685938 0.175694 0.0609375 0.0652778
0 0.764453 0.749306 0.0414063 0.0625
0 0.291797 0.842361 0.0460938 0.0680556
0 0.853906 0.200694 0.0484375 0.0736111
0 0.420703 0.754167 0.0476562 0.0611111
0 0.168359 0.552778 0.0382813 0.0583333
0 0.399609 0.298611 0.0414063 0.0555556
0 0.363281 0.950694 0.05 0.0680556
0 0.321094 0.1875 0.0421875 0.0666667
0 0.542969 0.875694 0.05 0.0763889
0 0.608203 0.357639 0.0523437 0.0680556
