0 0.275391 0.0215278 0.0429688 0.0430556
0 0.208203 0.101389 0.0335938 0.0583333
0 0.385547 0.350694 0.0445312 0.0736111
0 0.0957031 0.551389 0.0351562 0.0611111
0 0.979688 0.653472 0.0390625 0.0680556
0 0.208203 0.527083 0.0414063 0.0680556
0 0.470313 0.55625 0.040625 0.0736111
0 0.529688 0.217361 0.0421875 0.0652778
0 0.447266 0.495833 0.0429688 0.0722222
0 0.675391 0.26875 0.0445312 0.0680556
0 0.43125 0.104861 0.0484375 0.0763889
0 0.851172 0.340972 0.0445312 0.0680556
0 0.905078 0.89375 0.0445312 0.0763889
0 0.376563 0.496528 0.04375 0.0763889
0 0.507031 0.410417 0.040625 0.0680556
