0 0.0972656 0.0944444 0.0382813 0.0611111
0 0.0441406 0.979861 0.0367187 0.0402778
0 0.794141 0.150694 0.0445312 0.0763889
0 0.914062 0.486806 0.04375 0.0652778
0 0.0855469 0.320833 0.0367187 0.0611111
0 0.423828 0.765278 0.0382813 0.0611111
0 0.363672 0.918056 0.0382813 0.0638889
0 0.394531 0.820139 0.0390625 0.0652778
0 0.172266 0.111111 0.0414063 0.0638889
0 0.876172 0.125 0.0445312 0.0722222
0 0.423438 0.395139 0.0390625 0.0625
0 0.860156 0.325694 0.040625 0.0680556
0 0.867969 0.0305556 0.046875 0.0583333
0 0.286328 0.900694 0.0398437 0.0625
0 0.0269531 0.230556 0.0320312 0.0583333
0 0.941797 0.505556 0.0445312 0.0611111
0 0.341406 0.168056 0.04375 0.0611111
0 0.412109 0.3375 0.0398437 0.0555556
0 0.598828 0.0763889 0.0507812 0.0638889
0 0.708984 0.616667 0.0476562 0.0611111
0 0.618359 0.327083 0.0429688 0.0541667
0 0.257812 0.55625 0.0421875 0.0791667
0 0.202344 0.617361 0.0421875 0.0708333
0 0.457812 0.529861 0.04375 0.0875
0 0.646094 0.848611 0.04375 0.0694444
0 0.650781 0.238194 0.05 0.0708333
