0 0.0300781 0.956944 0.0351562 0.0555556
0 0.0597656 0.583333 0.0273438 0.0472222
0 0.267578 0.25 0.0335938 0.0555556
0 0.935547 0.975694 0.0476562 0.0486111
0 0.0828125 0.56875 0.0359375 0.0569444
0 0.387109 0.7 0.0398437 0.0694444
0 0.108594 0.0951389 0.0390625 0.0625
0 0.307422 0.576389 0.0351562 0.0583333
0 0.136719 0.486806 0.0375 0.0597222
0 0.225391 0.929861 0.0398437 0.0569444
0 0.364453 0.440278 0.0445312 0.0583333
0 0.500391 0.663889 0.0414063 0.0611111
0 0.715625 0.0583333 0.046875 0.0583333
0 0.244141 0.777083 0.0445312 0.0597222
0 0.111328 0.282639 0.0382813 0.0569444
0 0.689453 0.914583 0.0445312 0.0680556
0 0.574219 0.547917 0.046875 0.0652778
0 0.890234 0.788194 0.0492188 0.0652778
0 0.869531 0.522222 0.04375 0.0638889
0 0.246094 0.290278 0.04375 0.0611111
0 0.78125 0.360417 0.05 0.0625
