0 0.765234 0.98125 0.0382813 0.0375
0 0.991406 0.938194 0.015625 0.0736111
0 0.35 0.983333 0.0421875 0.0333333
0 0.539453 0.482639 0.0398437 0.0625
0 0.888672 0.03125 0.0414063 0.0597222
0 0.93125 0.0236111 0.0421875 0.0472222
0 0.869531 0.554861 0.04375 0.0736111
0 0.819141 0.216667 0.0460938 0.075
0 0.244922 0.540972 0.0398437 0.0763889
0 0.825781 0.804167 0.04375 0.0583333
0 0.580469 0.5625 0.046875 0.0638889
0 0.212891 0.53125 0.0398437 0.0652778
0 0.536719 0.841667 0.04375 0.0583333
0 0.221484 0.745139 0.0382813 0.0763889
0 0.188281 0.380556 0.0390625 0.0527778
0 0.264844 0.723611 0.0453125 0.0611111
0 0.50625 0.545833 0.0453125 0.0583333
