0 0.725781 0.494444 0.0421875 0.0666667
0 0.541016 0.347222 0.0445312 0.075
0 0.844141 0.558333 0.0429688 0.0666667
0 0.584375 0.5375 0.04375 0.075
0 0.284375 0.4125 0.0421875 0.0638889
0 0.691016 0.916667 0.0429688 0.0722222
0 0.120703 0.4875 0.0367187 0.0583333
0 0.228906 0.323611 0.0375 0.0555556
0 0.785937 0.525 0.040625 0.0638889
0 0.733594 0.565278 0.0453125 0.0722222
0 0.617578 0.223611 0.0414063 0.0722222
0 0.809375 0.972917 0.040625 0.0541667
0 0.847656 0.470139 0.0421875 0.0625
0 0.520703 0.921528 0.0429688 0.0652778
0 0.694922 0.3625 0.0445312 0.0666667
