0 0.625781 0.914583 0.0453125 0.0708333
0 0.375781 0.276389 0.0421875 0.0722222
0 0.704687 0.0805556 0.0359375 0.0555556
0 0.672266 0.0923611 0.0414063 0.0597222
0 0.0101562 0.669444 0.0203125 0.05
0 0.642187 0.918056 0.04375 0.0722222
0 0.18125 0.397917 0.0421875 0.0652778
0 0.139844 0.38125 0.0359375 0.0597222
0 0.0882813 0.220833 0.0390625 0.0611111
0 0.0773437 0.813194 0.0375 0.0625
0 0.853906 0.238194 0.0421875 0.0652778
0 0.980859 0.838194 0.0367187 0.0708333
0 0.732422 0.156944 0.0445312 0.075
0 0.590625 0.654861 0.0484375 0.0875
0 0.683203 0.917361 0.0460938 0.0708333
0 0.83125 0.318056 0.0453125 0.0694444
0 0.191797 0.679167 0.0414063 0.0611111
0 0.596484 0.150694 0.0414063 0.0791667
0 0.545313 0.365278 0.04375 0.0777778
0 0.740625 0.249306 0.0515625 0.0986111
