0 0.0113281 0.675 0.0226563 0.0638889
0 0.084375 0.0402778 0.0359375 0.0527778
0 0.584766 0.0659722 0.0382813 0.0569444
0 0.974609 0.786111 0.0445312 0.075
0 0.171484 0.989583 0.0414063 0.0208333
0 0.346875 0.421528 0.0390625 0.0597222
0 0.772656 0.236111 0.04375 0.0694444
0 0.6125 0.349306 0.040625 0.0708333
0 0.400391 0.183333 0.0398437 0.0611111
0 0.0132813 0.139583 0.0265625 0.0652778
0 0.0574219 0.0958333 0.0382813 0.0583333
0 0.0289063 0.563889 0.0328125 0.0472222
0 0.527734 0.725 0.0414063 0.0694444
0 0.238281 0.275694 0.0421875 0.0736111
0 0.551562 0.338889 0.0421875 0.075
0 0.369922 0.561806 0.0445312 0.0708333
0 0.774219 0.932639 0.040625 0.0819444
0 0.500391 0.341667 0.0429688 0.0694444
0 0.741406 0.0576389 0.046875 0.0680556
0 0.180859 0.496528 0.0398437 0.0680556
0 0.316016 0.924306 0.0414063 0.0625
0 0.527344 0.865972 0.040625 0.0625
0 0.915234 0.6125 0.0367187 0.0611111
0 0.654688 0.418056 0.0375 0.0583333
0 0.556641 0.1625 0.0476562 0.0722222
0 0.669531 0.588889 0.040625 0.0722222
0 0.941406 0.388194 0.046875 0.0680556
0 0.242578 0.829861 0.0382813 0.0597222
