0 0.328516 0.973611 0.0351562 0.05
0 0.1 0.232639 0.0375 0.0680556
0 0.424219 0.0361111 0.046875 0.0694444
0 0.280469 0.429861 0.040625 0.0680556
0 0.912891 0.03125 0.0414063 0.0625
0 0.962109 0.0472222 0.0429688 0.0722222
0 0.989844 0.568056 0.0203125 0.0611111
0 0.237109 0.621528 0.0382813 0.0652778
0 0.343359 0.2125 0.0367187 0.0638889
0 0.416406 0.241667 0.0421875 0.075
0 0.605469 0.100694 0.0390625 0.0652778
0 0.628516 0.255556 0.0382813 0.0638889
0 0.723047 0.0347222 0.0414063 0.0611111
0 0.320703 0.232639 0.0398437 0.0652778
0 0.333594 0.854167 0.04375 0.075
0 0.5625 0.639583 0.0390625 0.0652778
0 0.124609 0.583333 0.0351562 0.0583333
