0 0.317187 0.414583 0.0390625 0.0680556
0 0.996484 0.23125 0.00703125 0.0625
0 0.948438 0.0416667 0.0421875 0.0583333
0 0.685547 0.638194 0.0414063 0.0652778
0 0.968359 0.09375 0.0414063 0.0680556
0 0.0394531 0.861111 0.0351562 0.0638889
0 0.987109 0.9625 0.0257812 0.0638889
0 0.0308594 0.560417 0.0335938 0.0597222
0 0.596875 0.495139 0.046875 0.0791667
0 0.303516 0.854861 0.0398437 0.0736111
0 0.265625 0.240972 0.040625 0.0680556
0 0.116406 0.272222 0.0390625 0.0666667
0 0.919531 0.460417 0.040625 0.0652778
0 0.139453 0.811806 0.0320312 0.0569444
0 0.697266 0.267361 0.0429688 0.0625
0 0.493359 0.270139 0.0445312 0.0652778
0 0.124609 0.460417 0.0382813 0.0652778
