0 0.330859 0.0145833 0.0335938 0.0236111
0 0.962891 0.904861 0.0367187 0.0625
0 0.926562 0.172917 0.0390625 0.0625
0 0.0121094 0.750694 0.0242187 0.0569444
0 0.291797 0.0375 0.0414063 0.0583333
0 0.142969 0.388889 0.0390625 0.0583333
0 0.351953 0.265278 0.0445312 0.0611111
0 0.387891 0.159028 0.0414063 0.0597222
0 0.204297 0.179167 0.0398437 0.0666667
0 0.604297 0.782639 0.0429688 0.0625
0 0.680469 0.396528 0.0390625 0.0513889
0 0.717578 0.480556 0.0367187 0.0555556
0 0.582812 0.105556 0.0421875 0.0666667
0 0.179297 0.592361 0.0367187 0.0541667
0 0.273828 0.557639 0.0382813 0.0569444
0 0.683984 0.728472 0.0382813 0.0597222
0 0.490234 0.975694 0.0476562 0.0458333
0 0.356641 0.692361 0.0429688 0.0652778
