0 0.802734 0.990278 0.0382813 0.0194444
0 0.141797 0.279167 0.0460938 0.0722222
0 0.723047 0.0277778 0.0445312 0.0555556
0 0.74375 0.763889 0.040625 0.0694444
0 0.0667969 0.0694444 0.0382813 0.0611111
0 0.235547 0.120139 0.0414063 0.0680556
0 0.163281 0.127083 0.040625 0.0652778
0 0.483594 0.902083 0.0390625 0.0625
0 0.566406 0.261806 0.0453125 0.0791667
0 0.0367187 0.0381944 0.0359375 0.0569444
0 0.530078 0.93125 0.0445312 0.0708333
0 0.275781 0.913889 0.0390625 0.0638889
0 0.566406 0.669444 0.046875 0.0833333
0 0.344531 0.0465278 0.0421875 0.0652778
0 0.215234 0.532639 0.0398437 0.0625
0 0.771484 0.965278 0.0476562 0.0638889
0 0.963281 0.0638889 0.0359375 0.05
0 0.468359 0.565278 0.0445312 0.0666667
0 0.492188 0.436111 0.046875 0.0611111
0 0.491406 0.532639 0.0421875 0.0569444
0 0.611328 0.592361 0.0414063 0.0513889
0 0.435547 0.447917 0.0414063 0.0652778
0 0.855859 0.748611 0.0460938 0.0638889
0 0.0644531 0.761111 0.0382813 0.0638889
0 0.927344 0.460417 0.0421875 0.0597222
0 0.807422 0.723611 0.0460938 0.0638889
0 0.0964844 0.680556 0.0367187 0.0611111
0 0.643359 0.780556 0.0429688 0.0611111
0 0.835547 0.372917 0.0445312 0.0708333
