0 0.00546875 0.5125 0.0109375 0.0472222
0 0.376563 0.985417 0.040625 0.0291667
0 0.0140625 0.685417 0.028125 0.0541667
0 0.0339844 0.648611 0.0335938 0.0555556
0 0.0488281 0.522917 0.0351562 0.0597222
0 0.05625 0.606944 0.0328125 0.0527778
0 0.479688 0.474306 0.0421875 0.0680556
0 0.855078 0.889583 0.0429688 0.0708333
0 0.435156 0.60625 0.04375 0.0736111
0 0.176172 0.729861 0.0351562 0.0597222
0 0.196484 0.320139 0.0382813 0.0652778
0 0.8375 0.388889 0.0421875 0.0694444
0 0.553906 0.781944 0.040625 0.0666667
0 0.507812 0.520139 0.0390625 0.0652778
0 0.936719 0.775 0.034375 0.0555556
0 0.607813 0.75625 0.0421875 0.0708333
0 0.627344 0.270833 0.0421875 0.0666667
0 0.809375 0.470139 0.0421875 0.0680556
0 0.134375 0.117361 0.0375 0.0652778
0 0.848828 0.483333 0.0398437 0.0694444
0 0.124609 0.183333 0.0367187 0.0694444
0 0.152734 0.426389 0.0367187 0.0694444
0 0.174219 0.270139 0.040625 0.0736111
0 0.968359 0.540972 0.0429688 0.0736111
