0 0.99375 0.304167 0.0125 0.075
0 0.258203 0.3625 0.0414063 0.0722222
0 0.810938 0.161806 0.05625 0.0847222
0 0.939844 0.211806 0.034375 0.0680556
0 0.0171875 0.843056 0.03125 0.0555556
0 0.948438 0.418056 0.04375 0.0694444
0 0.767578 0.269444 0.0445312 0.0694444
0 0.0613281 0.472917 0.0367187 0.0652778
0 0.907422 0.195833 0.0398437 0.0583333
0 0.110156 0.531944 0.0375 0.0638889
0 0.201953 0.824306 0.0382813 0.0652778
0 0.558203 0.834722 0.0398437 0.0638889
0 0.107813 0.204167 0.0328125 0.0527778
0 0.836719 0.619444 0.0453125 0.0694444
0 0.0863281 0.589583 0.0351562 0.0541667
0 0.0824219 0.761111 0.0320312 0.0555556
0 0.8875 0.979861 0.0453125 0.0402778
0 0.460547 0.302778 0.0429688 0.0666667
0 0.562891 0.659722 0.0398437 0.0694444
0 0.141406 0.217361 0.0359375 0.0569444
0 0.29375 0.588194 0.0421875 0.0625
0 0.69375 0.9 0.04375 0.0694444
0 0.86875 0.582639 0.04375 0.0625
