0 0.738281 0.98125 0.0484375 0.0375
0 0.0761719 0.301389 0.0398437 0.0638889
0 0.134766 0.863889 0.0351562 0.0527778
0 0.419922 0.188889 0.0382813 0.0611111
0 0.175391 0.574306 0.0351562 0.0513889
0 0.211328 0.695833 0.0382813 0.0555556
0 0.0144531 0.688889 0.0289063 0.0555556
0 0.214062 0.622222 0.0375 0.0555556
0 0.818359 0.582639 0.0445312 0.0652778
0 0.562109 0.793056 0.0398437 0.0611111
0 0.151953 0.502778 0.0398437 0.0583333
0 0.248047 0.353472 0.0382813 0.0569444
0 0.272656 0.136806 0.0375 0.0541667
0 0.0207031 0.595833 0.0335938 0.0583333
0 0.513672 0.499306 0.0398437 0.0597222
0 0.264062 0.250694 0.040625 0.0652778
0 0.766016 0.0291667 0.0476562 0.0583333
0 0.239844 0.888889 0.0421875 0.0611111
0 0.791406 0.234028 0.04375 0.0652778
0 0.211719 0.260417 0.040625 0.0597222
0 0.170703 0.363194 0.0414063 0.0625
0 0.973047 0.671528 0.0476562 0.0708333
0 0.296484 0.483333 0.0414063 0.0611111
0 0.545703 0.668056 0.0460938 0.0666667
0 0.746094 0.7625 0.053125 0.0722222
