0 0.258203 0.974306 0.0429688 0.0513889
0 0.51875 0.259028 0.040625 0.0680556
0 0.409766 0.0284722 0.0398437 0.0541667
0 0.33125 0.374306 0.05 0.0708333
0 0.840625 0.918056 0.04375 0.0694444
0 0.140625 0.597917 0.040625 0.0652778
0 0.0355469 0.571528 0.0351562 0.0541667
0 0.332812 0.347917 0.0484375 0.0625
0 0.641016 0.457639 0.0460938 0.0763889
0 0.451562 0.623611 0.0546875 0.0638889
0 0.336719 0.25 0.040625 0.0638889
0 0.603125 0.76875 0.05625 0.0652778
0 0.0539063 0.395833 0.0375 0.0555556
0 0.153125 0.186806 0.0390625 0.0625
0 0.5125 0.935417 0.0421875 0.0791667
0 0.758594 0.955556 0.05625 0.0611111
0 0.0707031 0.645139 0.0351562 0.0541667
0 0.833984 0.395139 0.0523437 0.0625
0 0.313672 0.507639 0.0398437 0.0652778
0 0.0746094 0.240278 0.0382813 0.0583333
0 0.926953 0.609028 0.0539063 0.0625
0 0.332031 0.404861 0.05 0.0652778
0 0.700781 0.888889 0.053125 0.0861111
0 0.616797 0.180556 0.0367187 0.0611111
0 0.679297 0.813194 0.0570313 0.0847222
0 0.535156 0.482639 0.04375 0.0875
0 0.798047 0.253472 0.0445312 0.0763889
0 0.908984 0.473611 0.0445312 0.0777778
0 0.373047 0.0805556 0.0382813 0.0555556
