0 0.964844 0.169444 0.0453125 0.0805556
0 0.266016 0.731944 0.0335938 0.0388889
0 0.123828 0.890972 0.0351562 0.0569444
0 0.989453 0.792361 0.0195312 0.0736111
0 0.88125 0.984722 0.0484375 0.0305556
0 0.185547 0.025 0.0367187 0.0472222
0 0.0597656 0.982639 0.0351562 0.0347222
0 0.768359 0.817361 0.0429688 0.0708333
0 0.435547 0.119444 0.0414063 0.0694444
0 0.0917969 0.930556 0.0335938 0.05
0 0.15 0.6875 0.0390625 0.0638889
0 0.280469 0.568056 0.040625 0.0638889
0 0.671875 0.109722 0.040625 0.0666667
0 0.609375 0.886111 0.040625 0.0666667
0 0.269922 0.4625 0.0414063 0.0638889
0 0.821484 0.476389 0.0460938 0.0722222
0 0.517578 0.191667 0.0414063 0.0527778
0 0.653906 0.427778 0.04375 0.0638889
0 0.522266 0.239583 0.0398437 0.0569444
0 0.183594 0.36875 0.0390625 0.0625
