0 0.255469 0.140972 0.028125 0.0402778
0 0.747266 0.744444 0.0351562 0.0527778
0 0.00507812 0.534722 0.0101562 0.0388889
0 0.995703 0.753472 0.00859375 0.0569444
0 0.0777344 0.273611 0.0367187 0.0638889
0 0.00625 0.579167 0.0125 0.0555556
0 0.992188 0.940278 0.0140625 0.0583333
0 0.447266 0.175 0.0429688 0.075
0 0.760547 0.802083 0.0382813 0.0680556
0 0.328125 0.414583 0.0265625 0.0430556
0 0.480859 0.430556 0.0414063 0.0722222
0 0.212891 0.706944 0.0429688 0.0722222
0 0.046875 0.954861 0.0359375 0.0680556
0 0.949219 0.3375 0.040625 0.0583333
0 0.562891 0.111111 0.0429688 0.0777778
0 0.328516 0.560417 0.0414063 0.0541667
0 0.838672 0.286806 0.0476562 0.0625
0 0.896875 0.404861 0.0421875 0.0625
0 0.980469 0.897222 0.0390625 0.0611111
0 0.355078 0.865278 0.0414063 0.075
0 0.429297 0.336806 0.0414063 0.0708333
0 0.938672 0.70625 0.0492188 0.0652778
0 0.0847656 0.971528 0.0367187 0.0569444
0 0.827734 0.684722 0.0414063 0.0555556
0 0.748828 0.504861 0.0398437 0.0541667
0 0.392188 0.242361 0.04375 0.0708333
0 0.546484 0.598611 0.0414063 0.0805556
