0 0.00546875 0.815972 0.009375 0.0680556
0 0.467187 0.679861 0.0421875 0.0652778
0 0.989062 0.297917 0.0203125 0.0708333
0 0.0441406 0.48125 0.0367187 0.0597222
0 0.878125 0.273611 0.0421875 0.0666667
0 0.317969 0.316667 0.0421875 0.0638889
0 0.340625 0.363889 0.040625 0.0666667
0 0.55 0.223611 0.04375 0.0694444
0 0.523438 0.847917 0.0390625 0.0625
0 0.985937 0.504861 0.028125 0.0680556
0 0.610937 0.980556 0.04375 0.0388889
0 0.501172 0.296528 0.0414063 0.0680556
0 0.228125 0.470833 0.040625 0.0694444
0 0.130469 0.414583 0.0359375 0.0597222
0 0.717188 0.06875 0.046875 0.0736111
0 0.345703 0.776389 0.0398437 0.0527778
0 0.900391 0.372222 0.0429688 0.0638889
0 0.688672 0.750694 0.0429688 0.0708333
0 0.7375 0.215278 0.046875 0.0694444
0 0.504687 0.533333 0.0375 0.0638889
0 0.397266 0.54375 0.0414063 0.0708333
