0 0.996094 0.0354167 0.0078125 0.0569444
0 0.460938 0.297917 0.0375 0.0625
0 0.0421875 0.860417 0.034375 0.0569444
0 0.673828 0.134722 0.0523437 0.0777778
0 0.973828 0.953472 0.0398437 0.0736111
0 0.885547 0.802083 0.0476562 0.0680556
0 0.0578125 0.48125 0.0359375 0.0597222
0 0.120703 0.779167 0.0382813 0.0638889
0 0.09375 0.927778 0.034375 0.0555556
0 0.845312 0.950694 0.0421875 0.0708333
0 0.101562 0.836111 0.0359375 0.0583333
0 0.0921875 0.515278 0.0375 0.0666667
0 0.405078 0.8625 0.0429688 0.0861111
0 0.920703 0.818056 0.0492188 0.0722222
0 0.974219 0.834722 0.05 0.0638889
0 0.909766 0.557639 0.0414063 0.0680556
0 0.957812 0.650694 0.040625 0.0680556
0 0.645312 0.611806 0.0484375 0.0791667
0 0.884375 0.294444 0.046875 0.0777778
0 0.208203 0.833333 0.0398437 0.0722222
0 0.234766 0.565278 0.0492188 0.0666667
0 0.642187 0.200694 0.046875 0.0847222
