0 0.291797 0.733333 0.0429688 0.0666667
0 0.075 0.672222 0.03125 0.0611111
0 0.765625 0.220139 0.0421875 0.0680556
0 0.376563 0.345139 0.0328125 0.0597222
0 0.744922 0.227083 0.0367187 0.0652778
0 0.0945313 0.66875 0.0328125 0.0597222
0 0.713672 0.686111 0.0414063 0.0694444
0 0.161328 0.230556 0.0429688 0.0722222
0 0.253125 0.179861 0.0421875 0.0708333
0 0.969531 0.189583 0.0421875 0.0708333
0 0.113672 0.711806 0.0367187 0.0569444
0 0.634375 0.652083 0.0421875 0.0708333
0 0.989062 0.352778 0.0203125 0.0666667
0 0.211328 0.4875 0.0382813 0.0611111
0 0.800781 0.541667 0.0453125 0.0694444
0 0.842969 0.21875 0.0421875 0.0541667
0 0.353906 0.360417 0.040625 0.0652778
0 0.855469 0.272917 0.0484375 0.0625
0 0.503906 0.429167 0.0390625 0.0583333
0 0.279687 0.540278 0.0421875 0.0694444
0 0.808594 0.715278 0.0484375 0.075
