0 0.409766 0.560417 0.0320312 0.0569444
0 0.937891 0.0736111 0.0414063 0.0638889
0 0.955859 0.555556 0.0398437 0.0722222
0 0.988281 0.635417 0.0234375 0.0652778
0 0.803125 0.258333 0.040625 0.0694444
0 0.441016 0.552083 0.0382813 0.0708333
0 0.935547 0.375694 0.0398437 0.0708333
0 0.740625 0.478472 0.0453125 0.0791667
0 0.0804688 0.708333 0.0359375 0.0638889
0 0.985937 0.820833 0.028125 0.0666667
0 0.561719 0.454167 0.0421875 0.075
0 0.744141 0.263194 0.0414063 0.0652778
0 0.926172 0.872222 0.0382813 0.0666667
0 0.517969 0.683333 0.04375 0.0694444
