0 0.342578 0.186111 0.0398437 0.0638889
0 0.962109 0.115278 0.0382813 0.0666667
0 0.0304688 0.739583 0.0359375 0.0541667
0 0.322266 0.15 0.0382813 0.0638889
0 0.365625 0.159722 0.0390625 0.0611111
0 0.511328 0.588194 0.0414063 0.0652778
0 0.533984 0.951389 0.0445312 0.0611111
0 0.499219 0.934028 0.0390625 0.0652778
0 0.923437 0.398611 0.04375 0.0666667
0 0.25 0.904861 0.0390625 0.0569444
0 0.612891 0.0944444 0.0398437 0.0694444
0 0.376953 0.925 0.0460938 0.0611111
0 0.648438 0.0909722 0.040625 0.0708333
0 0.982813 0.0875 0.034375 0.075
0 0.639063 0.653472 0.0390625 0.0652778
0 0.873047 0.247222 0.0351562 0.0555556
0 0.963672 0.411806 0.0398437 0.0680556
0 0.283594 0.202778 0.040625 0.0666667
0 0.477734 0.673611 0.0414063 0.0694444
