0 0.225 0.822917 0.0390625 0.0625
0 0.00429688 0.775694 0.00859375 0.0625
0 0.995703 0.844444 0.00859375 0.0583333
0 0.785937 0.1875 0.04375 0.0722222
0 0.375391 0.3375 0.0398437 0.0611111
0 0.562891 0.527778 0.0414063 0.0694444
0 0.0417969 0.404861 0.0335938 0.0569444
0 0.669141 0.236806 0.0398437 0.0569444
0 0.948438 0.102083 0.0453125 0.0791667
0 0.282422 0.345833 0.0382813 0.0666667
0 0.970312 0.809028 0.0375 0.0652778
0 0.677344 0.974306 0.040625 0.0486111
0 0.673828 0.185417 0.0445312 0.0625
0 0.455469 0.0958333 0.0453125 0.0666667
0 0.720312 0.927778 0.040625 0.0611111
0 0.299219 0.4375 0.040625 0.0611111
0 0.163281 0.672917 0.0390625 0.0625
