0 0.992578 0.515972 0.0148437 0.0625
0 0.00507812 0.322222 0.0101562 0.0666667
0 0.390234 0.604861 0.0492188 0.0736111
0 0.228516 0.263889 0.0398437 0.0666667
0 0.967188 0.514583 0.0515625 0.0875
0 0.979297 0.463889 0.0414063 0.075
0 0.941016 0.529861 0.0320312 0.0680556
0 0.0585938 0.601389 0.0375 0.0611111
0 0.64375 0.148611 0.0421875 0.0694444
0 0.161719 0.477083 0.040625 0.0625
0 0.875391 0.254167 0.0429688 0.0666667
0 0.810938 0.253472 0.04375 0.0708333
0 0.612109 0.965278 0.0414063 0.0694444
0 0.417188 0.0305556 0.0515625 0.0611111
0 0.767187 0.720139 0.053125 0.0986111
0 0.476562 0.726389 0.0375 0.0722222
0 0.591406 0.240972 0.04375 0.0763889
0 0.863281 0.51875 0.040625 0.0791667
0 0.76875 0.371528 0.046875 0.106944
0 0.816016 0.469444 0.0460938 0.0944444
