0 0.0113281 0.6875 0.0226563 0.0611111
0 0.3125 0.0305556 0.046875 0.0611111
0 0.162109 0.457639 0.0414063 0.0680556
0 0.388281 0.610417 0.04375 0.0680556
0 0.56875 0.540278 0.0421875 0.0638889
0 0.697656 0.0701389 0.0453125 0.0708333
0 0.763281 0.0666667 0.04375 0.075
0 0.0980469 0.211111 0.0398437 0.0694444
0 0.455469 0.297917 0.0421875 0.0736111
0 0.266406 0.405556 0.0421875 0.0722222
0 0.857031 0.619444 0.0453125 0.0833333
0 0.285156 0.884722 0.0421875 0.0666667
0 0.891406 0.559722 0.046875 0.075
0 0.680469 0.970833 0.04375 0.0583333
0 0.465234 0.1875 0.0492188 0.0694444
0 0.421875 0.547917 0.04375 0.0680556
0 0.504297 0.55625 0.0460938 0.0763889
