0 0.0234375 0.0902778 0.0453125 0.075
0 0.0210938 0.792361 0.0359375 0.0541667
0 0.810547 0.524306 0.0445312 0.0708333
0 0.344531 0.948611 0.0375 0.0694444
0 0.0761719 0.615972 0.0382813 0.0625
0 0.782422 0.197917 0.0507812 0.0625
0 0.253125 0.575694 0.0421875 0.0652778
0 0.896484 0.507639 0.0460938 0.0763889
0 0.885938 0.842361 0.04375 0.0791667
0 0.769141 0.482639 0.0492188 0.0597222
0 0.652344 0.640972 0.0453125 0.0708333
0 0.744531 0.617361 0.0515625 0.0597222
0 0.477344 0.324306 0.0421875 0.0652778
0 0.981641 0.781944 0.0351562 0.075
0 0.637109 0.361806 0.0507812 0.0652778
0 0.296875 0.738889 0.0390625 0.0555556
0 0.939844 0.349306 0.04375 0.0708333
0 0.213281 0.244444 0.040625 0.0583333
0 0.490625 0.954167 0.0421875 0.0833333
0 0.569141 0.349306 0.0476562 0.0708333
