0 0.289062 0.0291667 0.040625 0.05
0 0.641406 0.121528 0.040625 0.0652778
0 0.610156 0.281944 0.0375 0.0638889
0 0.158984 0.719444 0.0367187 0.0666667
0 0.887109 0.0305556 0.0445312 0.0611111
0 0.748828 0.1125 0.0382813 0.0666667
0 0.890234 0.981944 0.0507812 0.0361111
0 0.9125 0.827778 0.0421875 0.0583333
0 0.871094 0.844444 0.04375 0.0638889
0 0.988281 0.675694 0.0234375 0.0597222
0 0.416406 0.618056 0.040625 0.0805556
0 0.94375 0.780556 0.046875 0.0638889
0 0.507812 0.230556 0.0390625 0.0611111
0 0.964063 0.815972 0.0421875 0.0625
0 0.551953 0.269444 0.0429688 0.0666667
0 0.688281 0.405556 0.0453125 0.0583333
0 0.559375 0.827083 0.04375 0.0680556
