0 0.995703 0.654861 0.00859375 0.0652778
0 0.469922 0.0756944 0.0476562 0.0736111
0 0.910547 0.338889 0.0320312 0.0555556
0 0.560547 0.795833 0.0429688 0.075
0 0.984766 0.0180556 0.0304688 0.0333333
0 0.753125 0.982639 0.053125 0.0347222
0 0.0140625 0.288194 0.028125 0.0486111
0 0.0167969 0.782639 0.0320312 0.0597222
0 0.882812 0.106944 0.0421875 0.0666667
0 0.135547 0.120833 0.0382813 0.0694444
0 0.344141 0.0715278 0.0476562 0.0541667
0 0.878516 0.366667 0.0398437 0.0583333
0 0.9875 0.455556 0.025 0.0555556
0 0.339453 0.119444 0.0445312 0.0583333
0 0.839063 0.802778 0.04375 0.0583333
0 0.0382813 0.370139 0.034375 0.0625
0 0.0160156 0.229861 0.0320312 0.0625
0 0.0773437 0.23125 0.0375 0.0680556
0 0.151562 0.897222 0.0390625 0.0666667
0 0.878125 0.844444 0.046875 0.0638889
0 0.569531 0.529167 0.040625 0.0555556
0 0.378125 0.7125 0.0421875 0.0694444
0 0.664453 0.96875 0.0476562 0.0625
0 0.0878906 0.556944 0.0367187 0.0777778
