0 0.898047 0.386806 0.0460938 0.0680556
0 0.886719 0.0208333 0.0453125 0.0416667
0 0.962109 0.0604167 0.0367187 0.0680556
0 0.248828 0.0361111 0.0351562 0.0583333
0 0.930469 0.0222222 0.034375 0.0444444
0 0.275391 0.0381944 0.0367187 0.0569444
0 0.378516 0.638889 0.0429688 0.0472222
0 0.364844 0.430556 0.0390625 0.0611111
0 0.882031 0.0631944 0.0453125 0.0763889
0 0.108594 0.89375 0.0375 0.0597222
0 0.205859 0.304167 0.0335938 0.0527778
0 0.125 0.497917 0.040625 0.0597222
0 0.546094 0.236111 0.0453125 0.0611111
0 0.9625 0.936111 0.0390625 0.0694444
0 0.372656 0.603472 0.0390625 0.0597222
0 0.176172 0.278472 0.0414063 0.0625
0 0.530859 0.0270833 0.0460938 0.0541667
0 0.353906 0.254861 0.040625 0.0625
0 0.128906 0.696528 0.0390625 0.0569444
0 0.917578 0.0625 0.0460938 0.0833333
0 0.155078 0.592361 0.0382813 0.0597222
0 0.526172 0.316667 0.0351562 0.0472222
0 0.280859 0.740972 0.0414063 0.0652778
0 0.586328 0.245833 0.0414063 0.0583333
0 0.260938 0.268056 0.0375 0.0527778
0 0.107031 0.583333 0.0359375 0.0583333
0 0.549219 0.561806 0.0484375 0.0652778
0 0.574609 0.33125 0.0460938 0.0625
0 0.857031 0.145139 0.05 0.0652778
0 0.298438 0.23125 0.04375 0.0569444
0 0.657031 0.5125 0.040625 0.0777778
0 0.732031 0.482639 0.0484375 0.0680556
0 0.234375 0.130556 0.0421875 0.0611111
0 0.519922 0.359722 0.0492188 0.0611111
0 0.471484 0.976389 0.0492188 0.0472222
