0 0.00507812 0.502778 0.0101562 0.0638889
0 0.00742187 0.828472 0.0148437 0.0652778
0 0.0816406 0.574306 0.0367187 0.0597222
0 0.613672 0.794444 0.0664062 0.075
0 0.455859 0.645139 0.0398437 0.0625
0 0.848828 0.864583 0.0632813 0.0958333
0 0.0523437 0.973611 0.0359375 0.0527778
0 0.110156 0.799306 0.0390625 0.0652778
0 0.123828 0.0951389 0.0351562 0.0625
0 0.191016 0.14375 0.0382813 0.0680556
0 0.0964844 0.636806 0.0382813 0.0597222
0 0.381641 0.811111 0.0554687 0.0694444
0 0.38125 0.241667 0.046875 0.0722222
0 0.116016 0.0256944 0.0367187 0.0513889
0 0.305469 0.291667 0.0421875 0.075
0 0.910156 0.419444 0.046875 0.102778
