0 0.394922 0.727083 0.0398437 0.0625
0 0.0117188 0.0673611 0.0234375 0.0513889
0 0.6875 0.0458333 0.040625 0.0611111
0 0.55 0.146528 0.04375 0.0708333
0 0.436328 0.432639 0.0398437 0.0652778
0 0.0339844 0.415972 0.0351562 0.0569444
0 0.154297 0.0875 0.0382813 0.0611111
0 0.829297 0.534722 0.0476562 0.0777778
0 0.179688 0.665278 0.0390625 0.0638889
0 0.241016 0.358333 0.0398437 0.0666667
0 0.129297 0.447917 0.0382813 0.0625
0 0.878516 0.223611 0.0429688 0.0694444
0 0.718359 0.202083 0.0445312 0.0680556
0 0.61875 0.145139 0.05 0.0736111
0 0.440234 0.529861 0.0414063 0.0597222
