0 0.960938 0.395139 0.0453125 0.0541667
0 0.724219 0.714583 0.040625 0.0652778
0 0.952344 0.363194 0.04375 0.0708333
0 0.0476562 0.546528 0.0359375 0.0486111
0 0.247656 0.120833 0.040625 0.0527778
0 0.339844 0.227083 0.0421875 0.0652778
0 0.0472656 0.509028 0.0367187 0.0597222
0 0.432422 0.905556 0.0414063 0.0583333
0 0.306641 0.479167 0.0414063 0.0638889
0 0.983594 0.25 0.03125 0.075
0 0.8875 0.970833 0.04375 0.0583333
0 0.215625 0.138194 0.0453125 0.0625
0 0.462109 0.849306 0.0398437 0.0652778
0 0.145313 0.477083 0.0375 0.0569444
0 0.159766 0.197222 0.0414063 0.0611111
0 0.782812 0.7375 0.040625 0.0805556
0 0.944141 0.656944 0.0414063 0.0805556
0 0.325 0.81875 0.046875 0.0652778
0 0.406641 0.633333 0.0445312 0.0583333
