0 0.0976562 0.715278 0.040625 0.0722222
0 0.0378906 0.302778 0.0289063 0.0555556
0 0.117969 0.927778 0.04375 0.0694444
0 0.424609 0.984722 0.0429688 0.0305556
0 0.99375 0.0791667 0.0109375 0.0638889
0 0.0105469 0.88125 0.0195312 0.0597222
0 0.374219 0.76875 0.04375 0.0708333
0 0.667188 0.878472 0.0421875 0.0680556
0 0.777344 0.457639 0.0484375 0.0791667
0 0.0171875 0.3125 0.0328125 0.0666667
0 0.980859 0.591667 0.0382813 0.0694444
0 0.759375 0.711806 0.0421875 0.0652778
0 0.353125 0.302778 0.0421875 0.0722222
