0 0.395703 0.0131944 0.0445312 0.0263889
0 0.978906 0.860417 0.0328125 0.0652778
0 0.0246094 0.985417 0.0335938 0.0291667
0 0.307422 0.0125 0.0445312 0.025
0 0.966016 0.0236111 0.0429688 0.0472222
0 0.907422 0.0916667 0.0398437 0.0638889
0 0.607422 0.811806 0.0382813 0.0513889
0 0.577734 0.827083 0.0382813 0.0597222
0 0.931641 0.973611 0.0414063 0.0527778
0 0.0136719 0.119444 0.0273438 0.0527778
0 0.89375 0.790972 0.04375 0.0680556
0 0.370703 0.861806 0.0382813 0.0680556
0 0.661328 0.811806 0.0414063 0.0652778
0 0.403125 0.832639 0.0359375 0.0625
0 0.0152344 0.584028 0.0304688 0.0597222
0 0.149219 0.408333 0.0359375 0.0555556
0 0.576563 0.354861 0.0453125 0.0597222
0 0.129297 0.370833 0.0351562 0.0555556
0 0.629687 0.130556 0.0484375 0.0638889
0 0.108594 0.479861 0.0375 0.0597222
0 0.426953 0.424306 0.0414063 0.0597222
0 0.801953 0.249306 0.0492188 0.0680556
0 0.574219 0.288889 0.0421875 0.0527778
0 0.460938 0.497222 0.04375 0.0611111
0 0.426953 0.738194 0.0351562 0.0541667
0 0.805469 0.471528 0.0515625 0.0652778
