0 0.614844 0.683333 0.0484375 0.0666667
0 0.244922 0.01875 0.0320312 0.0291667
0 0.627344 0.804167 0.0328125 0.0694444
0 0.0117188 0.200694 0.0234375 0.0736111
0 0.7375 0.879167 0.0421875 0.0583333
0 0.837109 0.211111 0.0414063 0.0666667
0 0.484766 0.703472 0.0429688 0.0708333
0 0.536328 0.159028 0.0429688 0.0652778
0 0.644922 0.983333 0.0445312 0.0333333
0 0.801953 0.592361 0.0429688 0.0736111
0 0.208203 0.50625 0.0414063 0.0652778
0 0.679297 0.839583 0.0445312 0.0791667
0 0.410547 0.170833 0.0445312 0.0694444
0 0.59375 0.813889 0.04375 0.0722222
0 0.869531 0.4875 0.04375 0.0638889
0 0.930078 0.970139 0.0382813 0.0569444
0 0.571484 0.726389 0.0414063 0.0666667
0 0.379687 0.932639 0.040625 0.0569444
