0 0.971484 0.278472 0.0351562 0.0486111
0 0.719141 0.988194 0.0460938 0.0236111
0 0.484375 0.904861 0.040625 0.0541667
0 0.511719 0.934028 0.0296875 0.0430556
0 0.526172 0.879861 0.0398437 0.0569444
0 0.448438 0.94375 0.0375 0.0652778
0 0.978906 0.324306 0.0421875 0.0569444
0 0.41875 0.697222 0.0421875 0.0722222
0 0.854688 0.559722 0.040625 0.0666667
0 0.699609 0.234722 0.0539063 0.0666667
0 0.0972656 0.0340278 0.0382813 0.0541667
0 0.269141 0.668056 0.0414063 0.075
0 0.278906 0.445139 0.040625 0.0569444
0 0.0503906 0.486806 0.0367187 0.0597222
0 0.318359 0.498611 0.0351562 0.0583333
0 0.144531 0.161806 0.0390625 0.0652778
0 0.249219 0.374306 0.0375 0.0569444
0 0.402734 0.977778 0.0382813 0.0416667
0 0.698438 0.69375 0.040625 0.0708333
0 0.436719 0.322222 0.0421875 0.0611111
0 0.127734 0.919444 0.0367187 0.0611111
0 0.471484 0.834722 0.0445312 0.0638889
