0 0.994922 0.875 0.0101562 0.0722222
0 0.858594 0.416667 0.040625 0.0638889
0 0.992578 0.595833 0.0148437 0.0611111
0 0.169531 0.9125 0.0375 0.0583333
0 0.752734 0.528472 0.0382813 0.0597222
0 0.758203 0.177083 0.0429688 0.0652778
0 0.785937 0.895139 0.040625 0.0680556
0 0.310937 0.36875 0.0453125 0.0791667
0 0.0296875 0.344444 0.034375 0.0583333
0 0.466016 0.966667 0.0445312 0.0638889
0 0.447266 0.927083 0.0398437 0.0736111
0 0.106641 0.88125 0.0382813 0.0652778
0 0.880859 0.0256944 0.0382813 0.0513889
0 0.744531 0.623611 0.04375 0.0694444
0 0.981641 0.279861 0.0367187 0.0652778
0 0.207031 0.486806 0.0359375 0.0569444
0 0.381641 0.550694 0.0367187 0.0541667
0 0.878516 0.786806 0.0382813 0.0652778
0 0.803125 0.0493056 0.046875 0.0708333
0 0.948047 0.663889 0.0429688 0.0694444
0 0.316406 0.111111 0.0390625 0.0611111
0 0.386719 0.792361 0.040625 0.0625
0 0.232031 0.286806 0.040625 0.0597222
0 0.9 0.458333 0.0421875 0.0694444
0 0.614844 0.611806 0.046875 0.0652778
0 0.602344 0.502083 0.0421875 0.0625
