0 0.35 0.129861 0.0296875 0.0402778
0 0.19375 0.136111 0.04375 0.075
0 0.992188 0.453472 0.015625 0.0597222
0 0.666797 0.303472 0.0476562 0.0791667
0 0.553516 0.504861 0.0445312 0.0763889
0 0.295312 0.922917 0.040625 0.0652778
0 0.452344 0.109028 0.0421875 0.0680556
0 0.619531 0.9125 0.04375 0.0722222
0 0.835938 0.327778 0.04375 0.0722222
0 0.566797 0.783333 0.0398437 0.0611111
0 0.583203 0.725 0.0492188 0.0638889
0 0.787109 0.526389 0.0429688 0.0777778
0 0.228516 0.666667 0.0398437 0.0638889
0 0.904297 0.133333 0.0476562 0.0611111
0 0.560547 0.706944 0.0492188 0.0805556
0 0.417188 0.627778 0.04375 0.0694444
0 0.346875 0.75 0.0421875 0.0694444
0 0.973047 0.5 0.0476562 0.0638889
0 0.911328 0.766667 0.0445312 0.0694444
0 0.8625 0.703472 0.0515625 0.0708333
0 0.728516 0.779167 0.0492188 0.0666667
0 0.442969 0.7 0.0515625 0.0694444
