0 0.802344 0.54375 0.04375 0.0652778
0 0.394922 0.250694 0.0445312 0.0680556
0 0.0914062 0.603472 0.034375 0.0541667
0 0.0402344 0.103472 0.0351562 0.0569444
0 0.748047 0.111111 0.0460938 0.0666667
0 0.889844 0.978472 0.0453125 0.0402778
0 0.460547 0.689583 0.0429688 0.0680556
0 0.208203 0.0534722 0.0398437 0.0625
0 0.857031 0.924306 0.040625 0.0652778
0 0.034375 0.842361 0.03125 0.0597222
0 0.250391 0.0979167 0.0414063 0.0652778
0 0.804297 0.0604167 0.0398437 0.0625
0 0.521094 0.359722 0.0453125 0.0638889
0 0.962109 0.779167 0.0398437 0.0611111
0 0.986719 0.728472 0.025 0.0680556
0 0.615234 0.840278 0.0445312 0.0722222
0 0.641797 0.534722 0.0460938 0.0666667
0 0.188672 0.486111 0.0398437 0.0611111
0 0.476562 0.827778 0.0453125 0.0722222
0 0.259766 0.565972 0.0414063 0.0652778
