0 0.926953 0.722222 0.0460938 0.0805556
0 0.290234 0.0326389 0.0414063 0.0652778
0 0.246484 0.141667 0.0273438 0.0416667
0 0.491797 0.0534722 0.0351562 0.0597222
0 0.308594 0.415278 0.028125 0.0472222
0 0.18125 0.827778 0.040625 0.0666667
0 0.469531 0.06875 0.0421875 0.0680556
0 0.846875 0.976389 0.040625 0.0444444
0 0.671875 0.420139 0.040625 0.0652778
0 0.117578 0.26875 0.0429688 0.0652778
0 0.416406 0.0354167 0.046875 0.0708333
0 0.751562 0.334722 0.0421875 0.0555556
0 0.703125 0.269444 0.0421875 0.0777778
0 0.4625 0.938889 0.04375 0.0805556
0 0.741797 0.0652778 0.0429688 0.075
0 0.126953 0.548611 0.0398437 0.0638889
0 0.647656 0.949306 0.0421875 0.0652778
0 0.669141 0.495139 0.0429688 0.0680556
