0 0.272656 0.138889 0.0296875 0.0444444
0 0.869141 0.770139 0.0429688 0.0736111
0 0.308594 0.414583 0.0296875 0.0486111
0 0.392969 0.8875 0.0390625 0.0722222
0 0.876172 0.348611 0.0445312 0.0722222
0 0.527734 0.857639 0.0398437 0.0680556
0 0.630859 0.692361 0.0367187 0.0652778
0 0.674609 0.552778 0.0507812 0.0694444
0 0.605859 0.661111 0.0492188 0.0638889
0 0.272266 0.772917 0.0382813 0.0680556
0 0.298047 0.661111 0.0476562 0.0611111
0 0.716016 0.439583 0.0507812 0.0680556
0 0.948438 0.945139 0.04375 0.0625
0 0.361328 0.317361 0.0414063 0.0763889
0 0.721094 0.559722 0.0515625 0.0722222
