0 0.00742187 0.922917 0.0148437 0.0625
0 0.933203 0.740972 0.0367187 0.0569444
0 0.0269531 0.154167 0.0335938 0.0555556
0 0.323047 0.735417 0.0398437 0.0569444
0 0.889453 0.260417 0.0414063 0.0569444
0 0.0429688 0.815972 0.034375 0.0569444
0 0.240625 0.468056 0.040625 0.0583333
0 0.40625 0.806944 0.0421875 0.0666667
0 0.469922 0.560417 0.0429688 0.0597222
0 0.703125 0.270833 0.046875 0.075
0 0.0796875 0.927083 0.0359375 0.0625
0 0.615234 0.577083 0.0414063 0.0652778
0 0.532422 0.68125 0.0414063 0.0680556
0 0.38125 0.973611 0.0421875 0.0527778
0 0.302344 0.56875 0.04375 0.0763889
