0 0.996484 0.510417 0.00703125 0.0458333
0 0.518359 0.0381944 0.0445312 0.0625
0 0.457031 0.0451389 0.0390625 0.0597222
0 0.399609 0.108333 0.0398437 0.0611111
0 0.300781 0.386806 0.0421875 0.0680556
0 0.0660156 0.0875 0.0351562 0.0583333
0 0.978906 0.554861 0.040625 0.0680556
0 0.430469 0.326389 0.0390625 0.0666667
0 0.0148437 0.240972 0.0296875 0.0680556
0 0.147266 0.9375 0.0398437 0.0722222
0 0.935547 0.640972 0.0414063 0.0625
0 0.702344 0.669444 0.04375 0.0694444
0 0.666406 0.945139 0.040625 0.0569444
0 0.464453 0.343056 0.0429688 0.0722222
0 0.336719 0.219444 0.04375 0.0722222
0 0.939453 0.898611 0.0429688 0.0638889
0 0.733594 0.859722 0.0390625 0.0555556
0 0.755469 0.447917 0.040625 0.0652778
0 0.141406 0.197222 0.0375 0.0611111
0 0.796484 0.690972 0.0414063 0.0625
0 0.6625 0.271528 0.04375 0.0736111
0 0.537891 0.759722 0.0414063 0.0638889
