0 0.046875 0.177083 0.0375 0.0847222
0 0.277734 0.752083 0.0382813 0.0652778
0 0.0460938 0.141667 0.0375 0.0638889
0 0.139453 0.0229167 0.0398437 0.0458333
0 0.773438 0.445139 0.0421875 0.0597222
0 0.193359 0.144444 0.0398437 0.0666667
0 0.519141 0.0305556 0.0398437 0.0555556
0 0.0480469 0.209722 0.0351562 0.0555556
0 0.927344 0.213194 0.040625 0.0708333
0 0.960156 0.227083 0.0390625 0.0763889
0 0.98125 0.453472 0.0375 0.0791667
0 0.907422 0.973611 0.0429688 0.05
0 0.739453 0.102083 0.0398437 0.0597222
0 0.364844 0.176389 0.0421875 0.0638889
0 0.847266 0.569444 0.0429688 0.0694444
