0 0.00976562 0.509722 0.0179687 0.0361111
0 0.9875 0.921528 0.0234375 0.0652778
0 0.935938 0.0451389 0.040625 0.0569444
0 0.109375 0.340972 0.040625 0.0541667
0 0.566406 0.652083 0.04375 0.0708333
0 0.956641 0.161111 0.0367187 0.0555556
0 0.191016 0.851389 0.0367187 0.0583333
0 0.319531 0.809028 0.0390625 0.0736111
0 0.0308594 0.488889 0.0335938 0.075
0 0.199609 0.165972 0.0414063 0.0652778
0 0.345313 0.834722 0.034375 0.0555556
0 0.103125 0.393056 0.0375 0.0638889
0 0.731641 0.1375 0.0429688 0.0694444
0 0.373047 0.688889 0.0414063 0.0666667
0 0.870313 0.195833 0.0421875 0.0666667
0 0.615234 0.870833 0.0414063 0.0694444
0 0.285937 0.0944444 0.0390625 0.0666667
0 0.811328 0.0618056 0.0414063 0.0680556
0 0.576953 0.463889 0.0445312 0.075
0 0.224609 0.296528 0.0398437 0.0736111
0 0.311328 0.141667 0.0414063 0.0722222
0 0.178906 0.313194 0.040625 0.0736111
0 0.240625 0.703472 0.0390625 0.0819444
0 0.939453 0.240278 0.0382813 0.0638889
0 0.497266 0.468056 0.0414063 0.0722222
0 0.239453 0.490278 0.0398437 0.0805556
0 0.522266 0.698611 0.0429688 0.0888889
