0 0.00429688 0.374306 0.00859375 0.0652778
0 0.576563 0.979167 0.05 0.0416667
0 0.535156 0.775 0.04375 0.0722222
0 0.573047 0.546528 0.0445312 0.0680556
0 0.0957031 0.58125 0.0320312 0.0541667
0 0.608984 0.971528 0.0414063 0.0513889
0 0.233203 0.952083 0.0382813 0.0597222
0 0.104297 0.802083 0.0367187 0.0541667
0 0.112109 0.85 0.0398437 0.0611111
0 0.5875 0.502083 0.0390625 0.0569444
0 0.777344 0.910417 0.0671875 0.0847222
0 0.764453 0.135417 0.0429688 0.0736111
0 0.877344 0.547222 0.0421875 0.0777778
0 0.194531 0.386806 0.04375 0.0597222
