0 0.107031 0.231944 0.0375 0.0583333
0 0.873047 0.722222 0.0476562 0.075
0 0.8625 0.625694 0.0484375 0.0763889
0 0.79375 0.572917 0.040625 0.0652778
0 0.732813 0.35625 0.04375 0.0597222
0 0.837109 0.0722222 0.0445312 0.0722222
0 0.123828 0.554861 0.0429688 0.0680556
0 0.826953 0.519444 0.0445312 0.0722222
0 0.240625 0.6125 0.0375 0.0583333
0 0.623438 0.623611 0.040625 0.0694444
0 0.273828 0.359722 0.0398437 0.0611111
0 0.929297 0.384028 0.0476562 0.0763889
0 0.832812 0.118056 0.0484375 0.0638889
0 0.162109 0.190278 0.0382813 0.0638889
0 0.344141 0.0291667 0.0460938 0.0583333
0 0.216406 0.693056 0.0421875 0.0694444
0 0.459375 0.339583 0.04375 0.0736111
0 0.407031 0.627778 0.0515625 0.0638889
0 0.371875 0.775 0.046875 0.0638889
0 0.275781 0.24375 0.0390625 0.0597222
0 0.233594 0.466667 0.040625 0.0666667
0 0.860937 0.959028 0.04375 0.0763889
0 0.328906 0.10625 0.040625 0.0680556
0 0.721094 0.105556 0.0375 0.0583333
0 0.479297 0.938194 0.0476562 0.0791667
0 0.967969 0.590278 0.0453125 0.0805556
