0 0.0046875 0.577778 0.009375 0.0583333
0 0.992969 0.888889 0.0140625 0.0583333
0 0.992578 0.664583 0.0148437 0.0597222
0 0.0421875 0.301389 0.0328125 0.0472222
0 0.0269531 0.350694 0.0320312 0.0513889
0 0.0335938 0.2375 0.0375 0.0611111
0 0.135547 0.930556 0.0367187 0.0638889
0 0.747266 0.948611 0.0445312 0.0722222
0 0.100391 0.638194 0.0382813 0.0708333
0 0.523438 0.284028 0.05 0.0680556
0 0.375 0.790278 0.040625 0.0666667
0 0.0746094 0.792361 0.0367187 0.0597222
0 0.3125 0.303472 0.04375 0.0736111
0 0.889844 0.146528 0.0484375 0.0763889
0 0.904297 0.726389 0.0414063 0.0638889
0 0.870703 0.511806 0.0507812 0.0736111
0 0.266016 0.722917 0.0445312 0.0652778
0 0.0828125 0.897917 0.0390625 0.0625
0 0.921094 0.278472 0.0390625 0.0680556
0 0.834375 0.886111 0.034375 0.0722222
0 0.730859 0.300694 0.0429688 0.0680556
0 0.326562 0.395139 0.0390625 0.0541667
0 0.299609 0.592361 0.0414063 0.0708333
0 0.510547 0.749306 0.0414063 0.0763889
0 0.256641 0.652083 0.0507812 0.0652778
