0 0.0613281 0.317361 0.0367187 0.0652778
0 0.0179687 0.322222 0.034375 0.0611111
0 0.383594 0.0513889 0.0390625 0.0638889
0 0.910937 0.1875 0.0421875 0.0583333
0 0.872266 0.174306 0.0429688 0.0569444
0 0.587891 0.852778 0.0429688 0.0722222
0 0.146094 0.622222 0.03125 0.05
0 0.925 0.819444 0.040625 0.0638889
0 0.907031 0.110417 0.0421875 0.0625
0 0.204688 0.302083 0.040625 0.0708333
0 0.633594 0.669444 0.034375 0.0583333
0 0.325781 0.940972 0.0421875 0.0625
0 0.628125 0.922222 0.0484375 0.0638889
0 0.649219 0.183333 0.0390625 0.0694444
0 0.680078 0.848611 0.0398437 0.0555556
0 0.41875 0.370833 0.04375 0.0666667
0 0.114063 0.651389 0.034375 0.0583333
0 0.461719 0.858333 0.04375 0.0638889
0 0.384766 0.181944 0.0460938 0.0638889
0 0.453125 0.597917 0.0453125 0.0736111
0 0.551953 0.238194 0.0476562 0.0625
0 0.521875 0.727083 0.046875 0.0652778
