0 0.986719 0.0194444 0.025 0.0388889
0 0.244922 0.0541667 0.0429688 0.0694444
0 0.896875 0.670833 0.0421875 0.0666667
0 0.782422 0.604167 0.0429688 0.0666667
0 0.262109 0.766667 0.0398437 0.0638889
0 0.163281 0.01875 0.0421875 0.0375
0 0.373828 0.0326389 0.0445312 0.0652778
0 0.385156 0.16875 0.0421875 0.0708333
0 0.573828 0.977778 0.0429688 0.0416667
0 0.935938 0.468056 0.040625 0.0611111
0 0.0125 0.329861 0.025 0.0680556
0 0.0246094 0.734722 0.0335938 0.0722222
0 0.0449219 0.469444 0.0367187 0.0722222
0 0.793359 0.217361 0.0445312 0.0736111
0 0.874609 0.4 0.0414063 0.0694444
0 0.833594 0.847222 0.040625 0.0694444
0 0.914062 0.904167 0.0359375 0.0611111
0 0.451562 0.682639 0.0421875 0.0708333
0 0.464063 0.529167 0.0421875 0.0694444
