0 0.769141 0.115278 0.0398437 0.0472222
0 0.00546875 0.819444 0.0109375 0.0694444
0 0.040625 0.621528 0.0390625 0.0597222
0 0.372656 0.194444 0.04375 0.0694444
0 0.968359 0.231944 0.0429688 0.075
0 0.261328 0.140278 0.0414063 0.0666667
0 0.276172 0.502083 0.0367187 0.0569444
0 0.922656 0.536111 0.0421875 0.075
0 0.863672 0.934722 0.0507812 0.0638889
0 0.727344 0.541667 0.0421875 0.075
0 0.484375 0.8125 0.05 0.0666667
0 0.639063 0.677778 0.0484375 0.0638889
0 0.606641 0.836806 0.0492188 0.0680556
0 0.565234 0.7625 0.0460938 0.0638889
0 0.788281 0.572222 0.0421875 0.0694444
0 0.621875 0.229167 0.0453125 0.0666667
