0 0.6125 0.715972 0.0375 0.0625
0 0.0316406 0.985417 0.0382813 0.0263889
0 0.603125 0.734722 0.0484375 0.0694444
0 0.800391 0.297222 0.0414063 0.0694444
0 0.0164062 0.363889 0.0328125 0.0666667
0 0.839453 0.0534722 0.0382813 0.0597222
0 0.832812 0.60625 0.0390625 0.0597222
0 0.152734 0.654861 0.0398437 0.0625
0 0.260547 0.0208333 0.0460938 0.0416667
0 0.135547 0.186111 0.0414063 0.0666667
0 0.530078 0.276389 0.0460938 0.075
0 0.249219 0.697917 0.04375 0.0652778
0 0.255859 0.451389 0.0414063 0.0638889
