0 0.265625 0.356944 0.0375 0.0611111
0 0.946875 0.284028 0.046875 0.0708333
0 0.91875 0.449306 0.046875 0.0708333
0 0.199219 0.330556 0.0328125 0.0555556
0 0.117578 0.134722 0.0351562 0.0583333
0 0.413672 0.79375 0.0382813 0.0597222
0 0.841797 0.843056 0.0445312 0.0777778
0 0.398047 0.0423611 0.0398437 0.0597222
0 0.336328 0.202083 0.0414063 0.0652778
0 0.0777344 0.95625 0.0351562 0.0625
0 0.119531 0.275 0.0375 0.0638889
0 0.589453 0.397222 0.0429688 0.0777778
0 0.732031 0.13125 0.04375 0.0736111
0 0.269531 0.270833 0.040625 0.0638889
0 0.385938 0.101389 0.04375 0.0666667
0 0.685547 0.526389 0.0429688 0.0611111
0 0.258984 0.9625 0.0398437 0.0638889
0 0.533203 0.101389 0.0476562 0.075
0 0.267188 0.195833 0.040625 0.0666667
0 0.38125 0.415278 0.0421875 0.0694444
0 0.385547 0.502778 0.0367187 0.0638889
