0 0.366406 0.408333 0.040625 0.0833333
0 0.645312 0.981944 0.0421875 0.0361111
0 0.841016 0.0159722 0.0382813 0.0319444
0 0.888281 0.402083 0.0390625 0.0652778
0 0.925781 0.395833 0.0375 0.0638889
0 0.905078 0.0395833 0.0414063 0.0680556
0 0.977344 0.540972 0.040625 0.0680556
0 0.990625 0.277083 0.01875 0.0763889
0 0.0753906 0.948611 0.0351562 0.0638889
0 0.3625 0.380556 0.0390625 0.0583333
0 0.299219 0.383333 0.0375 0.0666667
0 0.917188 0.259028 0.040625 0.0652778
0 0.474219 0.709722 0.0453125 0.0777778
0 0.616016 0.250694 0.0429688 0.0736111
0 0.758984 0.838889 0.0429688 0.0666667
0 0.953516 0.591667 0.0414063 0.0638889
0 0.976953 0.977083 0.0414063 0.0458333
0 0.371484 0.429167 0.0351562 0.0527778
0 0.704687 0.592361 0.0421875 0.0625
0 0.741016 0.895833 0.0414063 0.0666667
0 0.658984 0.440972 0.0398437 0.0680556
0 0.222266 0.393056 0.0414063 0.0583333
0 0.524609 0.519444 0.0429688 0.0666667
