0 0.653906 0.0152778 0.04375 0.0305556
0 0.990625 0.979167 0.01875 0.0416667
0 0.471484 0.989583 0.0398437 0.0208333
0 0.962891 0.852778 0.0414063 0.0638889
0 0.0738281 0.764583 0.0382813 0.0680556
0 0.619922 0.302778 0.0445312 0.0722222
0 0.84375 0.496528 0.0453125 0.0652778
0 0.084375 0.0666667 0.0359375 0.0583333
0 0.530859 0.797222 0.0367187 0.0583333
0 0.714844 0.185417 0.04375 0.0680556
0 0.700391 0.915278 0.0445312 0.0694444
0 0.608984 0.946528 0.0445312 0.0652778
0 0.354297 0.974306 0.0445312 0.0486111
0 0.126172 0.206944 0.0335938 0.0527778
0 0.768359 0.830556 0.0460938 0.0666667
