0 0.322656 0.63125 0.0390625 0.0486111
0 0.933594 0.0201389 0.046875 0.0402778
0 0.95625 0.983333 0.0328125 0.0333333
0 0.241016 0.973611 0.0367187 0.0527778
0 0.325781 0.595139 0.0390625 0.0569444
0 0.0703125 0.320139 0.0375 0.0652778
0 0.797266 0.425 0.0460938 0.0722222
0 0.282422 0.657639 0.0445312 0.0597222
0 0.314844 0.482639 0.040625 0.0625
0 0.369922 0.186111 0.0414063 0.0722222
0 0.648438 0.867361 0.0390625 0.0680556
0 0.348047 0.520833 0.0429688 0.0638889
0 0.935938 0.242361 0.0421875 0.0625
0 0.593359 0.708333 0.0429688 0.0666667
0 0.780859 0.208333 0.0429688 0.075
0 0.880078 0.14375 0.0445312 0.0819444
0 0.249609 0.695833 0.0445312 0.0638889
0 0.744922 0.904861 0.0476562 0.0625
0 0.158984 0.715278 0.0398437 0.0555556
0 0.374609 0.603472 0.0445312 0.0652778
0 0.684766 0.310417 0.0507812 0.0680556
0 0.5625 0.554167 0.04375 0.0638889
0 0.0910156 0.661806 0.0398437 0.0597222
0 0.715234 0.809722 0.0507812 0.0694444
0 0.73125 0.682639 0.0453125 0.0652778
