0 0.901172 0.129167 0.0398437 0.0638889
0 0.326562 0.694444 0.0390625 0.0527778
0 0.766406 0.477778 0.046875 0.0722222
0 0.678906 0.733333 0.0484375 0.0694444
0 0.542969 0.227778 0.0390625 0.0638889
0 0.332812 0.742361 0.040625 0.0652778
0 0.6375 0.833333 0.034375 0.0527778
0 0.240234 0.944444 0.0382813 0.0638889
0 0.991797 0.422222 0.0164062 0.0611111
0 0.134766 0.479861 0.0398437 0.0625
0 0.146484 0.591667 0.0382813 0.0694444
0 0.195312 0.727083 0.040625 0.0736111
0 0.985547 0.471528 0.0289063 0.0625
0 0.804688 0.169444 0.0421875 0.0722222
0 0.914453 0.0736111 0.0445312 0.0666667
0 0.491406 0.225 0.0421875 0.0583333
0 0.905078 0.245139 0.0429688 0.0736111
0 0.551562 0.279167 0.0453125 0.0583333
0 0.909766 0.493056 0.0414063 0.075
0 0.985937 0.865278 0.028125 0.0722222
0 0.673437 0.235417 0.04375 0.0625
0 0.430078 0.775694 0.0460938 0.0625
0 0.400781 0.45 0.04375 0.0611111
0 0.350781 0.847917 0.040625 0.0625
0 0.351953 0.259028 0.0429688 0.0597222
0 0.791406 0.472222 0.046875 0.0611111
