0 0.902734 0.529861 0.0398437 0.0569444
0 0.908594 0.481944 0.0375 0.05
0 0.583984 0.981944 0.0523437 0.0361111
0 0.040625 0.734722 0.0375 0.0611111
0 0.154297 0.673611 0.0414063 0.0694444
0 0.812891 0.2125 0.0429688 0.0694444
0 0.851562 0.86875 0.0390625 0.0680556
0 0.322266 0.628472 0.0351562 0.0569444
0 0.225 0.602083 0.0390625 0.0625
0 0.107031 0.164583 0.0421875 0.0680556
0 0.209375 0.170139 0.0390625 0.0625
0 0.539844 0.945139 0.04375 0.0513889
0 0.292188 0.375694 0.0453125 0.0736111
0 0.832031 0.801389 0.040625 0.0722222
0 0.725 0.447917 0.0390625 0.0625
0 0.863672 0.7 0.0492188 0.0888889
0 0.852344 0.948611 0.0515625 0.0722222
0 0.971484 0.0770833 0.0429688 0.0763889
0 0.217187 0.6875 0.0421875 0.0555556
0 0.488672 0.599306 0.0382813 0.0597222
0 0.471094 0.151389 0.040625 0.0611111
0 0.441016 0.977778 0.0507812 0.0444444
