0 0.398438 0.764583 0.0390625 0.0625
0 0.789844 0.51875 0.040625 0.0652778
0 0.235156 0.0409722 0.0421875 0.0625
0 0.242578 0.852083 0.0382813 0.0652778
0 0.483203 0.385417 0.0367187 0.0597222
0 0.350781 0.549306 0.040625 0.0680556
0 0.242578 0.558333 0.0351562 0.0555556
0 0.136328 0.404861 0.0398437 0.0652778
0 0.164844 0.2375 0.0390625 0.0611111
0 0.649609 0.0319444 0.0445312 0.0638889
0 0.300781 0.08125 0.0390625 0.0652778
0 0.183594 0.780556 0.0328125 0.0611111
0 0.355469 0.801389 0.0421875 0.075
0 0.100781 0.0708333 0.0375 0.0638889
0 0.278516 0.275 0.0398437 0.0638889
0 0.524609 0.344444 0.0429688 0.0638889
0 0.312891 0.216667 0.0414063 0.0694444
0 0.691016 0.71875 0.0429688 0.0736111
0 0.176172 0.504861 0.0382813 0.0625
0 0.773438 0.496528 0.04375 0.0736111
0 0.448047 0.213889 0.0414063 0.0694444
0 0.326172 0.751389 0.0414063 0.075
