0 0.204688 0.611806 0.0359375 0.0652778
0 0.989453 0.182639 0.0210938 0.0708333
0 0.824219 0.982639 0.0453125 0.0347222
0 0.158203 0.600694 0.0335938 0.0597222
0 0.986328 0.981944 0.0273438 0.0361111
0 0.969922 0.536806 0.0523437 0.0736111
0 0.972656 0.370833 0.0453125 0.075
0 0.136719 0.644444 0.0390625 0.0694444
0 0.951172 0.8125 0.0460938 0.0666667
0 0.277734 0.403472 0.0382813 0.0680556
0 0.676172 0.313889 0.0414063 0.0638889
0 0.397266 0.802083 0.0367187 0.0569444
0 0.394141 0.688194 0.0414063 0.0652778
0 0.842188 0.819444 0.0453125 0.0777778
