0 0.683594 0.9875 0.053125 0.025
0 0.0046875 0.0722222 0.009375 0.0666667
0 0.207422 0.936806 0.0398437 0.0625
0 0.0890625 0.0659722 0.0375 0.0652778
0 0.233984 0.238194 0.0398437 0.0652778
0 0.105859 0.288889 0.0398437 0.0666667
0 0.248828 0.434028 0.0414063 0.0652778
0 0.199609 0.834722 0.0398437 0.0638889
0 0.855469 0.121528 0.0375 0.0541667
0 0.966406 0.335417 0.0421875 0.0652778
0 0.852734 0.831944 0.0414063 0.0666667
0 0.904297 0.326389 0.0429688 0.0611111
0 0.135156 0.1125 0.0390625 0.0638889
0 0.748438 0.515972 0.0453125 0.0652778
0 0.732031 0.385417 0.0359375 0.0513889
0 0.0964844 0.496528 0.0367187 0.0625
0 0.361719 0.5125 0.04375 0.0666667
0 0.494531 0.252778 0.0421875 0.0694444
