0 0.766406 0.152083 0.0359375 0.0597222
0 0.891016 0.0333333 0.0445312 0.0638889
0 0.783984 0.176389 0.0414063 0.0666667
0 0.303906 0.025 0.0421875 0.05
0 0.692578 0.201389 0.0445312 0.0666667
0 0.834766 0.436806 0.0429688 0.0652778
0 0.145703 0.320139 0.0382813 0.0625
0 0.45625 0.48125 0.0421875 0.0708333
0 0.657031 0.878472 0.04375 0.0708333
0 0.283203 0.818056 0.0414063 0.0694444
0 0.112891 0.527083 0.0367187 0.0625
0 0.830469 0.300694 0.0359375 0.0652778
0 0.689453 0.0895833 0.0414063 0.0708333
0 0.865625 0.25 0.034375 0.0555556
0 0.572266 0.447917 0.0445312 0.0763889
0 0.240234 0.302083 0.0398437 0.0680556
0 0.564844 0.617361 0.0421875 0.0819444
0 0.909375 0.250694 0.04375 0.0736111
0 0.324609 0.6375 0.0398437 0.0638889
