0 0.990625 0.95 0.0171875 0.0638889
0 0.992969 0.660417 0.0140625 0.0708333
0 0.996094 0.297222 0.0078125 0.0611111
0 0.0125 0.345833 0.025 0.0666667
0 0.8125 0.34375 0.0421875 0.0625
0 0.957812 0.0319444 0.0453125 0.0611111
0 0.925781 0.553472 0.0421875 0.0708333
0 0.809766 0.45 0.0382813 0.0722222
0 0.0152344 0.119444 0.0304688 0.0666667
0 0.248437 0.179861 0.0421875 0.0736111
0 0.964063 0.621528 0.0421875 0.0680556
0 0.798828 0.798611 0.0398437 0.0694444
0 0.777734 0.411111 0.0445312 0.0722222
0 0.548828 0.347917 0.0414063 0.0680556
0 0.880469 0.5375 0.0421875 0.0638889
0 0.204297 0.129861 0.0414063 0.0680556
0 0.943359 0.8125 0.0398437 0.0694444
0 0.639453 0.417361 0.0445312 0.0791667
0 0.959375 0.109722 0.0453125 0.0722222
0 0.878516 0.890278 0.0429688 0.0638889
0 0.682813 0.760417 0.0421875 0.0625
0 0.283594 0.110417 0.04375 0.0736111
