0 0.451562 0.411806 0.0296875 0.0430556
0 0.730078 0.0909722 0.0398437 0.0680556
0 0.301562 0.447917 0.04375 0.0708333
0 0.0683594 0.443056 0.0382813 0.0611111
0 0.525 0.772222 0.0421875 0.075
0 0.515234 0.893056 0.0367187 0.0638889
0 0.765625 0.592361 0.04375 0.0708333
0 0.294531 0.119444 0.040625 0.0666667
0 0.0292969 0.552083 0.0367187 0.0569444
0 0.171484 0.0868056 0.0367187 0.0763889
0 0.677734 0.320833 0.0367187 0.0611111
0 0.164453 0.747917 0.0414063 0.0680556
0 0.416797 0.290972 0.0492188 0.0652778
0 0.559375 0.884028 0.04375 0.0597222
0 0.939453 0.707639 0.0382813 0.0652778
0 0.524609 0.6 0.0414063 0.075
0 0.806641 0.369444 0.0476562 0.0611111
0 0.435937 0.959722 0.0453125 0.0666667
0 0.5875 0.370139 0.040625 0.0791667
