0 0.339844 0.264583 0.0265625 0.0402778
0 0.792578 0.686806 0.0414063 0.0680556
0 0.751953 0.840278 0.0367187 0.0638889
0 0.938672 0.579167 0.0414063 0.0638889
0 0.734766 0.81875 0.0398437 0.0652778
0 0.0277344 0.260417 0.0398437 0.0708333
0 0.93125 0.225694 0.0421875 0.0680556
0 0.316406 0.247222 0.04375 0.0611111
0 0.108594 0.429861 0.034375 0.0541667
0 0.951172 0.532639 0.0398437 0.0652778
0 0.520312 0.820833 0.05 0.0611111
0 0.461719 0.709028 0.0484375 0.0597222
0 0.132422 0.574306 0.0367187 0.0597222
0 0.878125 0.756944 0.0375 0.0638889
0 0.33125 0.660417 0.04375 0.0569444
0 0.147266 0.634722 0.0414063 0.0611111
0 0.335547 0.306944 0.0429688 0.0694444
0 0.672656 0.723611 0.0453125 0.0805556
