0 0.908984 0.725 0.0414063 0.0694444
0 0.966016 0.832639 0.0429688 0.0708333
0 0.0332031 0.529861 0.0257812 0.0430556
0 0.0261719 0.133333 0.0335938 0.0555556
0 0.679297 0.586806 0.0414063 0.0680556
0 0.0804688 0.5 0.0375 0.0611111
0 0.172266 0.496528 0.0367187 0.0625
0 0.419922 0.372222 0.0351562 0.0555556
0 0.531641 0.663889 0.0414063 0.0666667
0 0.342578 0.767361 0.0398437 0.0680556
0 0.780469 0.119444 0.0421875 0.0666667
0 0.617188 0.527778 0.0453125 0.0666667
0 0.908984 0.0638889 0.0445312 0.0722222
0 0.335547 0.188194 0.0414063 0.0597222
