0 0.752734 0.289583 0.0414063 0.0625
0 0.736328 0.29375 0.0414063 0.0763889
0 0.0828125 0.294444 0.0359375 0.0666667
0 0.595703 0.445833 0.0445312 0.0666667
0 0.868359 0.132639 0.0429688 0.0652778
0 0.984766 0.956944 0.0304688 0.0722222
0 0.723047 0.858333 0.0429688 0.0666667
0 0.765234 0.336111 0.0445312 0.0666667
0 0.880078 0.486806 0.0429688 0.0708333
0 0.794531 0.279167 0.0453125 0.0722222
0 0.680859 0.236111 0.0429688 0.0666667
0 0.0957031 0.428472 0.0351562 0.0625
0 0.895312 0.869444 0.04375 0.0694444
0 0.339063 0.278472 0.04375 0.0680556
0 0.808984 0.552083 0.0429688 0.0736111
0 0.340234 0.380556 0.0414063 0.0722222
0 0.533203 0.863194 0.0460938 0.0847222
