0 0.411719 0.411111 0.03125 0.0444444
0 0.121875 0.844444 0.0359375 0.0527778
0 0.141016 0.795833 0.0320312 0.0472222
0 0.407422 0.125 0.0335938 0.0444444
0 0.986328 0.845833 0.0273438 0.0722222
0 0.220313 0.428472 0.0453125 0.0541667
0 0.015625 0.488889 0.03125 0.0611111
0 0.420312 0.95625 0.040625 0.0708333
0 0.954687 0.331944 0.0421875 0.0555556
0 0.830078 0.234722 0.0382813 0.0583333
0 0.203125 0.732639 0.0421875 0.0680556
0 0.421484 0.0590278 0.0414063 0.0680556
0 0.875781 0.883333 0.040625 0.0583333
0 0.282031 0.149306 0.0453125 0.0708333
0 0.489453 0.202778 0.0429688 0.0611111
0 0.573828 0.0958333 0.0414063 0.0583333
0 0.71875 0.718056 0.0421875 0.0611111
