0 0.345703 0.416667 0.0148437 0.0222222
0 0.663281 0.878472 0.040625 0.0625
0 0.366406 0.293056 0.04375 0.075
0 0.836719 0.219444 0.0359375 0.0583333
0 0.947266 0.113194 0.0445312 0.0541667
0 0.180078 0.696528 0.0335938 0.0569444
0 0.869141 0.182639 0.0398437 0.0652778
0 0.952344 0.0631944 0.040625 0.0597222
0 0.948828 0.152778 0.0445312 0.0722222
0 0.986719 0.0409722 0.025 0.0625
0 0.420312 0.289583 0.0453125 0.0597222
0 0.345703 0.446528 0.0351562 0.0513889
0 0.862891 0.492361 0.0414063 0.0708333
0 0.79375 0.838194 0.0453125 0.0652778
0 0.825391 0.335417 0.0429688 0.0736111
0 0.980469 0.763194 0.0390625 0.0652778
0 0.582812 0.413194 0.0421875 0.0680556
0 0.794141 0.463194 0.0445312 0.0708333
0 0.44375 0.807639 0.0515625 0.0652778
