0 0.446875 0.440972 0.0484375 0.0597222
0 0.425781 0.458333 0.034375 0.0583333
0 0.319531 0.415278 0.034375 0.0416667
0 0.461328 0.423611 0.0382813 0.0583333
0 0.339063 0.136806 0.0390625 0.0569444
0 0.974219 0.5 0.04375 0.0638889
0 0.758984 0.572222 0.0429688 0.0666667
0 0.341406 0.376389 0.0375 0.0611111
0 0.519141 0.276389 0.0476562 0.0694444
0 0.0171875 0.422222 0.0296875 0.0555556
0 0.898828 0.635417 0.0445312 0.0736111
0 0.810938 0.940278 0.0390625 0.0583333
0 0.286719 0.025 0.046875 0.05
0 0.980469 0.646528 0.0375 0.0625
0 0.384766 0.586806 0.0398437 0.0597222
0 0.799219 0.231944 0.04375 0.0666667
0 0.0578125 0.547917 0.0359375 0.0597222
0 0.777344 0.800694 0.04375 0.0652778
0 0.679297 0.393056 0.0445312 0.0722222
0 0.967969 0.290972 0.04375 0.0680556
0 0.322656 0.327778 0.0421875 0.0638889
0 0.148438 0.679861 0.0390625 0.0625
