0 0.0589844 0.140278 0.0367187 0.0611111
0 0.18125 0.242361 0.0390625 0.0652778
0 0.189844 0.654861 0.0359375 0.0597222
0 0.984375 0.261111 0.03125 0.0694444
0 0.0109375 0.407639 0.021875 0.0652778
0 0.209375 0.2875 0.040625 0.075
0 0.713672 0.299306 0.0414063 0.0680556
0 0.588672 0.633333 0.0414063 0.0722222
0 0.896875 0.0319444 0.0484375 0.0638889
0 0.242188 0.195833 0.04375 0.0638889
0 0.525 0.878472 0.046875 0.0652778
0 0.643359 0.198611 0.0414063 0.0777778
0 0.262109 0.590278 0.0398437 0.0583333
0 0.429688 0.434722 0.0421875 0.0611111
0 0.530859 0.486111 0.0445312 0.0638889
