0 0.0289063 0.354167 0.0375 0.0611111
0 0.995703 0.834722 0.00859375 0.0638889
0 0.0660156 0.883333 0.0382813 0.0694444
0 0.0824219 0.211111 0.0429688 0.075
0 0.181641 0.345833 0.0382813 0.0666667
0 0.0914062 0.684722 0.0390625 0.075
0 0.922266 0.234028 0.0414063 0.0680556
0 0.120312 0.4125 0.0421875 0.0722222
0 0.396875 0.960417 0.040625 0.0680556
0 0.298438 0.152083 0.040625 0.0652778
0 0.259766 0.810417 0.0414063 0.0736111
0 0.218359 0.325694 0.0398437 0.0708333
0 0.435156 0.569444 0.0453125 0.075
0 0.95 0.648611 0.04375 0.0638889
0 0.251172 0.672222 0.0398437 0.0722222
0 0.682813 0.896528 0.040625 0.0708333
0 0.777734 0.761806 0.0398437 0.0652778
0 0.292188 0.432639 0.0421875 0.0680556
0 0.214453 0.218056 0.0398437 0.0666667
0 0.406641 0.297917 0.0429688 0.0625
0 0.883984 0.497917 0.0429688 0.0652778
0 0.469141 0.317361 0.0445312 0.0597222
