0 0.533594 0.98125 0.0453125 0.0375
0 0.0804688 0.347917 0.0359375 0.0597222
0 0.0378906 0.8375 0.0351562 0.0638889
0 0.110547 0.730556 0.0382813 0.0666667
0 0.9875 0.973611 0.025 0.0527778
0 0.712109 0.643056 0.0429688 0.0666667
0 0.910547 0.575 0.0429688 0.0722222
0 0.071875 0.186111 0.0375 0.0694444
0 0.803516 0.785417 0.0351562 0.0513889
0 0.814453 0.572917 0.0414063 0.0652778
0 0.278906 0.742361 0.0421875 0.0680556
0 0.360938 0.732639 0.040625 0.0680556
0 0.824219 0.915972 0.04375 0.0736111
0 0.558203 0.105556 0.0460938 0.0861111
0 0.161328 0.5625 0.0382813 0.0638889
0 0.60625 0.559028 0.046875 0.0708333
0 0.445703 0.300694 0.0460938 0.0736111
