0 0.903906 0.167361 0.040625 0.0625
0 0.009375 0.60625 0.01875 0.0652778
0 0.614844 0.0319444 0.0421875 0.0638889
0 0.0546875 0.772917 0.0296875 0.0541667
0 0.635156 0.934028 0.0421875 0.0708333
0 0.280469 0.4125 0.0375 0.0611111
0 0.0621094 0.570139 0.0351562 0.0652778
0 0.151953 0.1375 0.0382813 0.0666667
0 0.480078 0.152083 0.0367187 0.0680556
0 0.084375 0.716667 0.0375 0.0722222
0 0.901563 0.8 0.0421875 0.0805556
0 0.284766 0.563889 0.0414063 0.0666667
0 0.972266 0.378472 0.0398437 0.0708333
0 0.405469 0.299306 0.040625 0.0625
0 0.566406 0.550694 0.05 0.0819444
