0 0.0953125 0.669444 0.0328125 0.0583333
0 0.123438 0.665972 0.0265625 0.0486111
0 0.009375 0.529167 0.01875 0.0611111
0 0.642578 0.418056 0.0398437 0.0666667
0 0.00976562 0.880556 0.0195312 0.0722222
0 0.114453 0.582639 0.0351562 0.0625
0 0.102344 0.647222 0.0359375 0.0666667
0 0.0332031 0.7125 0.0351562 0.0583333
0 0.808203 0.984028 0.0476562 0.0319444
0 0.313281 0.597222 0.0421875 0.0694444
0 0.0226563 0.346528 0.034375 0.0625
0 0.940625 0.236111 0.0421875 0.0694444
0 0.105078 0.793056 0.0367187 0.0638889
0 0.539062 0.0923611 0.0390625 0.0652778
0 0.134375 0.618056 0.0375 0.0638889
0 0.466406 0.261111 0.0421875 0.075
0 0.888281 0.192361 0.04375 0.0708333
0 0.827734 0.434028 0.0429688 0.0708333
0 0.318359 0.332639 0.0414063 0.0680556
0 0.277734 0.417361 0.0414063 0.0652778
0 0.139844 0.73125 0.0390625 0.0652778
0 0.840625 0.586806 0.04375 0.0680556
