0 0.420703 0.820139 0.0429688 0.0652778
0 0.336328 0.0284722 0.0445312 0.0569444
0 0.326562 0.234028 0.0421875 0.0680556
0 0.374219 0.0180556 0.0453125 0.0361111
0 0.274609 0.986806 0.0367187 0.0263889
0 0.0371094 0.0326389 0.0367187 0.0597222
0 0.347266 0.407639 0.0445312 0.0680556
0 0.832812 0.01875 0.0484375 0.0375
0 0.990625 0.583333 0.01875 0.0694444
0 0.496094 0.0847222 0.0390625 0.0583333
0 0.0105469 0.272222 0.0210938 0.0666667
0 0.193359 0.536806 0.0398437 0.0680556
0 0.269922 0.920139 0.0398437 0.0652778
0 0.510156 0.938194 0.040625 0.0680556
0 0.563672 0.965278 0.0382813 0.0611111
0 0.675 0.374306 0.0578125 0.0847222
0 0.358203 0.763194 0.0367187 0.0597222
0 0.625 0.453472 0.0453125 0.0708333
0 0.714063 0.204167 0.053125 0.0805556
0 0.520312 0.183333 0.04375 0.0694444
0 0.816797 0.174306 0.0445312 0.0680556
0 0.11875 0.922917 0.0375 0.0736111
