0 0.00351562 0.260417 0.00703125 0.0597222
0 0.636328 0.0145833 0.0445312 0.0236111
0 0.00976562 0.665278 0.0195312 0.0638889
0 0.384375 0.7625 0.0390625 0.075
0 0.282422 0.138194 0.0304688 0.0458333
0 0.350781 0.69375 0.0421875 0.0736111
0 0.314453 0.413889 0.0273438 0.0444444
0 0.0976562 0.0236111 0.034375 0.0472222
0 0.841406 0.289583 0.040625 0.0652778
0 0.932813 0.332639 0.040625 0.0652778
0 0.396484 0.70625 0.0382813 0.0791667
0 0.980859 0.801389 0.0367187 0.0694444
0 0.101562 0.0819444 0.0390625 0.0555556
0 0.299609 0.838194 0.0476562 0.0625
0 0.142969 0.300694 0.0390625 0.0625
0 0.629687 0.664583 0.0421875 0.0652778
0 0.937109 0.966667 0.0492188 0.0638889
0 0.0441406 0.785417 0.0320312 0.0513889
0 0.321094 0.115972 0.0390625 0.0569444
0 0.163672 0.91875 0.0429688 0.0597222
0 0.898438 0.434028 0.05 0.0680556
0 0.378906 0.481944 0.040625 0.0583333
0 0.766016 0.175 0.0476562 0.0722222
0 0.721094 0.359028 0.0453125 0.0652778
