0 0.0492188 0.744444 0.040625 0.0583333
0 0.0691406 0.953472 0.0382813 0.0597222
0 0.294141 0.0166667 0.0429688 0.0305556
0 0.470313 0.327778 0.0203125 0.0333333
0 0.455469 0.829861 0.040625 0.0791667
0 0.369531 0.303472 0.0390625 0.0541667
0 0.453906 0.311111 0.0390625 0.0694444
0 0.326562 0.363194 0.0421875 0.0680556
0 0.400391 0.622917 0.0429688 0.0736111
0 0.765234 0.338889 0.0398437 0.0666667
0 0.349219 0.875694 0.0390625 0.0652778
0 0.478516 0.955556 0.0414063 0.0638889
0 0.291406 0.146528 0.046875 0.0708333
0 0.379687 0.355556 0.040625 0.0638889
0 0.0503906 0.213889 0.0335938 0.0583333
0 0.836719 0.286806 0.040625 0.0680556
0 0.944531 0.311806 0.040625 0.0763889
0 0.494141 0.834722 0.0414063 0.0805556
0 0.987109 0.777083 0.0257812 0.0736111
0 0.811328 0.511111 0.0429688 0.0805556
0 0.986328 0.909028 0.0273438 0.0708333
0 0.862109 0.263194 0.0398437 0.0625
0 0.944531 0.122222 0.04375 0.0722222
0 0.621484 0.358333 0.0382813 0.0611111
0 0.684766 0.398611 0.0414063 0.0722222
0 0.817969 0.0770833 0.0453125 0.0763889
0 0.564844 0.205556 0.0421875 0.0666667
