0 0.689453 0.09375 0.0382813 0.0625
0 0.319922 0.0625 0.0429688 0.0638889
0 0.221094 0.213194 0.0375 0.0569444
0 0.0917969 0.195139 0.0367187 0.0597222
0 0.21875 0.0284722 0.0421875 0.0569444
0 0.709375 0.176389 0.04375 0.0694444
0 0.448047 0.453472 0.0429688 0.0652778
0 0.882422 0.590972 0.0460938 0.0736111
0 0.811719 0.388194 0.0421875 0.0652778
0 0.0953125 0.744444 0.0390625 0.0694444
0 0.659375 0.486111 0.0421875 0.0666667
0 0.9875 0.291667 0.025 0.0694444
0 0.269922 0.410417 0.0414063 0.0652778
0 0.878906 0.285417 0.040625 0.0652778
0 0.0539063 0.559722 0.0375 0.0666667
0 0.932031 0.165972 0.040625 0.0625
0 0.744922 0.797222 0.0398437 0.0638889
0 0.728906 0.636111 0.0421875 0.0666667
0 0.172266 0.447222 0.0398437 0.0638889
0 0.327734 0.668056 0.0414063 0.075
0 0.441406 0.66875 0.0390625 0.0652778
0 0.335938 0.53125 0.040625 0.0736111
0 0.16875 0.617361 0.0421875 0.0763889
0 0.783203 0.298611 0.0445312 0.0666667
