0 0.803516 0.252083 0.0335938 0.0569444
0 0.852344 0.989583 0.0453125 0.0208333
0 0.00742187 0.15625 0.0148437 0.0652778
0 0.390234 0.6625 0.0398437 0.0694444
0 0.126953 0.174306 0.0398437 0.0625
0 0.626953 0.206944 0.0351562 0.0583333
0 0.976953 0.847222 0.0414063 0.0666667
0 0.925781 0.660417 0.0453125 0.0736111
0 0.198437 0.372222 0.040625 0.0638889
0 0.419531 0.432639 0.0375 0.0625
0 0.305078 0.179861 0.0414063 0.0625
0 0.258203 0.832639 0.0398437 0.0652778
0 0.164453 0.232639 0.0382813 0.0597222
0 0.423438 0.940278 0.0421875 0.0722222
0 0.746094 0.775 0.0421875 0.0694444
0 0.841797 0.0756944 0.0445312 0.0708333
0 0.614844 0.609722 0.0484375 0.0722222
0 0.133984 0.568056 0.0382813 0.0611111
0 0.447656 0.680556 0.040625 0.0638889
