0 0.933594 0.361806 0.0390625 0.0569444
0 0.946094 0.376389 0.0421875 0.0666667
0 0.0796875 0.133333 0.0359375 0.0527778
0 0.2 0.898611 0.046875 0.075
0 0.619141 0.659028 0.0429688 0.0708333
0 0.612109 0.188194 0.0382813 0.0597222
0 0.630078 0.0194444 0.0460938 0.0388889
0 0.21875 0.0895833 0.040625 0.0597222
0 0.671484 0.375 0.0304688 0.05
0 0.909375 0.305556 0.040625 0.0527778
0 0.431641 0.0729167 0.0429688 0.0625
0 0.791797 0.747917 0.0398437 0.0680556
0 0.697266 0.386806 0.0367187 0.0486111
0 0.759375 0.726389 0.0390625 0.0666667
0 0.448438 0.214583 0.0453125 0.0763889
0 0.952734 0.138194 0.0445312 0.0597222
0 0.901172 0.0923611 0.0414063 0.0652778
0 0.587891 0.263194 0.0445312 0.0597222
0 0.853516 0.695139 0.0492188 0.0597222
0 0.716016 0.144444 0.0429688 0.0555556
0 0.406641 0.349306 0.0429688 0.0625
0 0.505859 0.171528 0.0429688 0.0597222
0 0.690234 0.0930556 0.0429688 0.0555556
