0 0.883203 0.854861 0.0367187 0.0652778
2 0.00585938 0.336111 0.0117188 0.0388889
0 0.126563 0.820833 0.03125 0.0527778
0 0.257812 0.752778 0.0390625 0.0638889
0 0.514063 0.170139 0.0421875 0.0652778
0 0.0945313 0.49375 0.0375 0.0569444
0 0.163672 0.0930556 0.0398437 0.0638889
0 0.112891 0.277083 0.0382813 0.0597222
0 0.409766 0.942361 0.0398437 0.0652778
0 0.0398437 0.590972 0.0328125 0.0513889
0 0.944531 0.359722 0.0453125 0.0777778
0 0.892187 0.96875 0.0453125 0.0625
0 0.351953 0.859722 0.0429688 0.0611111
0 0.374609 0.736111 0.0429688 0.0611111
0 0.967578 0.455556 0.0398437 0.0666667
0 0.886719 0.516667 0.0421875 0.075
0 0.794141 0.626389 0.0429688 0.0666667
