0 0.198047 0.430556 0.00703125 0.0111111
0 0.966016 0.280556 0.00859375 0.0111111
0 0.113281 0.140972 0.0078125 0.00972222
0 0.973828 0.0145833 0.00859375 0.0125
0 0.760156 0.323611 0.0109375 0.0138889
0 0.530078 0.559722 0.0101562 0.0138889
0 0.242969 0.790278 0.009375 0.0138889
0 0.127344 0.147222 0.0078125 0.0111111
0 0.053125 0.430556 0.0078125 0.0111111
0 0.0714844 0.309028 0.00703125 0.00972222
0 0.802344 0.649306 0.009375 0.0180556
0 0.765625 0.338194 0.0078125 0.0125
0 0.316797 0.79375 0.00703125 0.00972222
0 0.255469 0.0194444 0.0078125 0.0111111
0 0.15 0.706944 0.0078125 0.0111111
0 0.19375 0.658333 0.00625 0.0111111
0 0.569922 0.141667 0.00859375 0.0138889
0 0.577734 0.229167 0.0101562 0.0138889
0 0.24375 0.680556 0.0078125 0.0111111
0 0.16875 0.1125 0.0078125 0.0111111
0 0.237891 0.06875 0.00859375 0.0125
0 0.725 0.88125 0.009375 0.0152778
0 0.496094 0.361806 0.009375 0.0152778
0 0.944141 0.21875 0.0101562 0.0152778
0 0.963281 0.582639 0.0078125 0.0125
0 0.473437 0.793056 0.0078125 0.0111111
0 0.51875 0.190972 0.0078125 0.0125
0 0.7375 0.411111 0.0078125 0.0111111
0 0.828516 0.656944 0.00859375 0.0166667
0 0.786328 0.420833 0.00703125 0.0111111
0 0.872266 0.296528 0.00859375 0.0125
0 0.343359 0.100694 0.00859375 0.0125
0 0.45625 0.745139 0.0078125 0.0125
0 0.450391 0.959722 0.00859375 0.0138889
0 0.960547 0.19375 0.00859375 0.0125
0 0.400391 0.252083 0.00859375 0.0125
0 0.741797 0.699306 0.00859375 0.0152778
0 0.880859 0.131944 0.00859375 0.0111111
0 0.599219 0.752778 0.0078125 0.0111111
0 0.230078 0.461111 0.00703125 0.0111111
0 0.659375 0.222917 0.009375 0.0125
0 0.703516 0.0916667 0.00859375 0.0111111
0 0.951172 0.1375 0.00859375 0.0111111
0 0.822266 0.978472 0.00859375 0.0152778
0 0.276953 0.427778 0.00703125 0.0111111
0 0.516797 0.236111 0.00703125 0.0111111
0 0.806641 0.831944 0.00859375 0.0138889
0 0.207422 0.407639 0.00859375 0.0125
0 0.384766 0.0534722 0.00859375 0.0125
0 0.973047 0.420833 0.00859375 0.0138889
0 0.60625 0.113194 0.0078125 0.0125
0 0.744141 0.229861 0.00859375 0.0125
0 0.578516 0.824306 0.00859375 0.0125
0 0.24375 0.352083 0.0078125 0.0125
0 0.312891 0.267361 0.00859375 0.0125
0 0.553906 0.21875 0.0078125 0.0125
0 0.432031 0.180556 0.009375 0.0138889
0 0.6 0.301389 0.009375 0.0111111
0 0.860547 0.258333 0.00859375 0.0111111
0 0.860156 0.890972 0.009375 0.0180556
0 0.310547 0.832639 0.00703125 0.0125
0 0.495703 0.270833 0.00859375 0.0138889
0 0.851953 0.8375 0.00859375 0.0138889
0 0.405469 0.764583 0.0078125 0.0125
0 0.612109 0.329861 0.00859375 0.0125
0 0.341797 0.784028 0.00703125 0.00972222
0 0.619141 0.493056 0.00859375 0.0138889
0 0.518359 0.788194 0.00859375 0.0125
0 0.702344 0.671528 0.009375 0.0125
0 0.538672 0.341667 0.00859375 0.0111111
0 0.517969 0.475694 0.0078125 0.0125
0 0.342187 0.639583 0.0078125 0.0125
0 0.491797 0.445139 0.00859375 0.0125
0 0.374609 0.482639 0.00859375 0.0125
0 0.910156 0.853472 0.009375 0.0152778
