0 0.145313 0.0493056 0.0078125 0.0125
0 0.519141 0.920833 0.0148437 0.0166667
0 0.400781 0.259028 0.009375 0.0152778
0 0.144531 0.0638889 0.0078125 0.0111111
0 0.221484 0.436111 0.00859375 0.0111111
0 0.218359 0.438194 0.0101562 0.0125
0 0.514453 0.0201389 0.00859375 0.0125
0 0.105078 0.645833 0.00703125 0.0111111
0 0.997656 0.815972 0.0046875 0.0152778
0 0.44375 0.357639 0.009375 0.0125
0 0.449219 0.427083 0.009375 0.0125
0 0.112109 0.0916667 0.00703125 0.0111111
0 0.767187 0.219444 0.0078125 0.0138889
0 0.35 0.909722 0.0078125 0.0111111
0 0.2125 0.440972 0.009375 0.0125
0 0.293359 0.388194 0.00859375 0.0125
0 0.514453 0.359028 0.0101562 0.0152778
0 0.473828 0.254861 0.0101562 0.0152778
0 0.777734 0.249306 0.00859375 0.0152778
0 0.577344 0.522917 0.009375 0.0125
0 0.738281 0.175 0.0078125 0.0111111
0 0.798437 0.256944 0.0078125 0.0138889
0 0.135547 0.326389 0.00703125 0.0111111
0 0.476953 0.0409722 0.00859375 0.00972222
0 0.935547 0.9625 0.0117188 0.0222222
0 0.302734 0.849306 0.00703125 0.00972222
0 0.301953 0.0659722 0.00703125 0.00972222
0 0.217187 0.53125 0.0078125 0.0125
0 0.455078 0.403472 0.0101562 0.0152778
0 0.939844 0.306944 0.009375 0.0166667
0 0.198828 0.258333 0.00703125 0.0111111
0 0.594531 0.0625 0.0078125 0.0138889
0 0.911719 0.44375 0.0078125 0.0125
0 0.666016 0.981944 0.00859375 0.0138889
0 0.441406 0.169444 0.0078125 0.0111111
0 0.396484 0.455556 0.00703125 0.0138889
0 0.529688 0.938194 0.0078125 0.0125
0 0.635156 0.180556 0.0078125 0.0111111
0 0.760156 0.738889 0.009375 0.0138889
0 0.383594 0.469444 0.0078125 0.0111111
0 0.517187 0.920139 0.0078125 0.0125
0 0.607813 0.375694 0.009375 0.0152778
0 0.871094 0.593056 0.0078125 0.0138889
0 0.908984 0.417361 0.00859375 0.0125
0 0.9375 0.107639 0.009375 0.0125
0 0.858984 0.175 0.00859375 0.0138889
0 0.888672 0.586806 0.00859375 0.0152778
0 0.782031 0.465278 0.0078125 0.0111111
0 0.569922 0.447917 0.00859375 0.0125
0 0.470703 0.955556 0.00859375 0.0138889
0 0.266797 0.475 0.00703125 0.0111111
0 0.791016 0.386806 0.00859375 0.0152778
0 0.757422 0.70625 0.00859375 0.0125
0 0.75 0.661806 0.009375 0.0125
0 0.342969 0.806944 0.0078125 0.0111111
0 0.630859 0.799306 0.00859375 0.0125
0 0.98125 0.759028 0.009375 0.0152778
0 0.978516 0.946528 0.00859375 0.0125
0 0.507422 0.575 0.00859375 0.0138889
0 0.51875 0.553472 0.009375 0.0125
0 0.677734 0.501389 0.00859375 0.0138889
0 0.364844 0.899306 0.0078125 0.0125
0 0.379687 0.0722222 0.0078125 0.0111111
0 0.871875 0.966667 0.009375 0.0166667
0 0.674219 0.847222 0.0078125 0.0138889
0 0.303125 0.500694 0.0078125 0.0125
0 0.455859 0.513194 0.00859375 0.0125
0 0.709766 0.233333 0.00859375 0.0138889
0 0.93125 0.672222 0.009375 0.0138889
0 0.701953 0.424306 0.00859375 0.0125
0 0.628125 0.604167 0.0078125 0.0111111
0 0.851172 0.49375 0.00859375 0.0125
0 0.360156 0.570139 0.0078125 0.0125
0 0.691016 0.898611 0.00859375 0.0138889
0 0.398047 0.411111 0.00703125 0.0111111
0 0.660156 0.385417 0.0078125 0.0125
0 0.886719 0.340972 0.0078125 0.0125
