0 0.714844 0.923611 0.0078125 0.0166667
0 0.0707031 0.458333 0.00703125 0.0138889
0 0.507812 0.973611 0.0078125 0.0138889
0 0.239844 0.79375 0.009375 0.0125
0 0.446875 0.961806 0.0078125 0.0125
0 0.802734 0.145139 0.00859375 0.0152778
0 0.495313 0.948611 0.0078125 0.0138889
0 0.464844 0.99375 0.0078125 0.00972222
0 0.275 0.0159722 0.009375 0.0125
0 0.161328 0.109028 0.00703125 0.00972222
0 0.548828 0.136806 0.00703125 0.0125
0 0.163672 0.0833333 0.00703125 0.0111111
0 0.269531 0.372917 0.00625 0.00972222
0 0.375 0.422222 0.009375 0.0166667
0 0.615625 0.233333 0.009375 0.0138889
0 0.264844 0.922917 0.00625 0.0125
0 0.242578 0.794444 0.00859375 0.0111111
0 0.449609 0.259722 0.00859375 0.0138889
0 0.0214844 0.568056 0.00703125 0.0111111
0 0.179688 0.0652778 0.00625 0.00833333
0 0.299219 0.974306 0.0078125 0.0125
0 0.235938 0.794444 0.0078125 0.0111111
0 0.228516 0.0694444 0.00703125 0.0111111
0 0.0433594 0.560417 0.00859375 0.0125
0 0.0722656 0.461806 0.00703125 0.0125
0 0.542969 0.145139 0.0078125 0.0125
0 0.673047 0.815278 0.00859375 0.0166667
0 0.934766 0.926389 0.00859375 0.0138889
0 0.928906 0.802083 0.0078125 0.0152778
0 0.153516 0.972917 0.00703125 0.0125
0 0.880078 0.897917 0.0101562 0.0152778
0 0.614453 0.0680556 0.0101562 0.0138889
0 0.331641 0.551389 0.00859375 0.0111111
0 0.497266 0.441667 0.00859375 0.0138889
0 0.482031 0.755556 0.0078125 0.0111111
0 0.294531 0.754861 0.0078125 0.0125
0 0.917969 0.939583 0.009375 0.0152778
0 0.433203 0.285417 0.00859375 0.0125
0 0.773828 0.597222 0.00859375 0.0138889
0 0.702734 0.319444 0.00859375 0.0111111
0 0.154297 0.525 0.00703125 0.0111111
0 0.795313 0.544444 0.009375 0.0138889
0 0.249219 0.169444 0.009375 0.0111111
0 0.153125 0.773611 0.0078125 0.0138889
0 0.127734 0.26875 0.00703125 0.0125
0 0.969141 0.977083 0.00859375 0.0125
0 0.491406 0.900694 0.0078125 0.0125
0 0.973047 0.288194 0.00859375 0.0125
0 0.666406 0.340278 0.009375 0.0138889
0 0.364844 0.952083 0.0078125 0.0125
0 0.289453 0.326389 0.00859375 0.0111111
0 0.117578 0.715278 0.00703125 0.0111111
0 0.567578 0.335417 0.00859375 0.0125
0 0.989844 0.407639 0.009375 0.0152778
0 0.118359 0.306944 0.00703125 0.0111111
0 0.184375 0.252083 0.0078125 0.0125
0 0.558203 0.0173611 0.00859375 0.0125
0 0.373437 0.297917 0.009375 0.0125
0 0.3 0.827778 0.0078125 0.0111111
0 0.532812 0.184028 0.0078125 0.0125
0 0.71875 0.397222 0.0078125 0.0111111
0 0.191406 0.893056 0.009375 0.0138889
0 0.430078 0.670833 0.00703125 0.0111111
0 0.942187 0.985417 0.009375 0.0152778
0 0.304297 0.182639 0.00703125 0.0125
0 0.910547 0.319444 0.00859375 0.0138889
0 0.311328 0.565972 0.00859375 0.0125
0 0.402734 0.0826389 0.00859375 0.0125
0 0.830859 0.900694 0.00859375 0.0125
0 0.498047 0.607639 0.00859375 0.0125
0 0.529688 0.217361 0.0078125 0.0125
0 0.659766 0.702778 0.00859375 0.0138889
0 0.693359 0.654167 0.00859375 0.0138889
0 0.464453 0.784028 0.00859375 0.0125
0 0.889453 0.610417 0.0101562 0.0125
0 0.656641 0.308333 0.00859375 0.0138889
0 0.465234 0.177083 0.00859375 0.0125
0 0.194141 0.475694 0.00859375 0.0125
0 0.56875 0.075 0.0078125 0.0111111
0 0.502344 0.73125 0.0078125 0.0125
0 0.341406 0.25 0.0078125 0.0111111
0 0.861719 0.475 0.009375 0.0111111
