0 0.973047 0.6125 0.00859375 0.0138889
0 0.351172 0.790278 0.0101562 0.0138889
0 0.270703 0.486806 0.00859375 0.0125
0 0.573828 0.6875 0.00703125 0.0138889
0 0.235156 0.0472222 0.00625 0.0138889
0 0.183203 0.764583 0.00703125 0.0125
0 0.578125 0.630556 0.0078125 0.0138889
0 0.283594 0.408333 0.009375 0.0138889
0 0.0832031 0.680556 0.00859375 0.0111111
0 0.352734 0.785417 0.00859375 0.0125
0 0.434375 0.310417 0.009375 0.0152778
0 0.776172 0.0743056 0.00859375 0.0125
0 0.0597656 0.723611 0.00703125 0.0111111
0 0.748438 0.309028 0.0078125 0.0152778
0 0.526953 0.529861 0.00859375 0.0125
0 0.348047 0.794444 0.00859375 0.0138889
0 0.303125 0.219444 0.009375 0.0111111
0 0.071875 0.591667 0.00625 0.0111111
0 0.266797 0.00972222 0.00859375 0.0111111
0 0.176563 0.827778 0.0078125 0.0111111
0 0.639453 0.222917 0.00859375 0.0125
0 0.186719 0.348611 0.0078125 0.0111111
0 0.934766 0.201389 0.00703125 0.0111111
0 0.574219 0.695833 0.009375 0.0166667
0 0.591797 0.986111 0.00859375 0.0138889
0 0.536719 0.214583 0.009375 0.0152778
0 0.116406 0.836111 0.0078125 0.0111111
0 0.119531 0.0604167 0.0078125 0.0125
0 0.361328 0.990278 0.00859375 0.0111111
0 0.360156 0.529167 0.009375 0.0138889
0 0.327734 0.921528 0.00859375 0.0125
0 0.741797 0.360417 0.00703125 0.00972222
0 0.271094 0.808333 0.0078125 0.0111111
0 0.666016 0.885417 0.00859375 0.0152778
0 0.0851562 0.249306 0.0078125 0.0125
0 0.885938 0.152083 0.0078125 0.0125
0 0.434766 0.567361 0.00859375 0.0125
0 0.534766 0.175 0.00859375 0.0111111
0 0.502344 0.311111 0.0078125 0.0111111
0 0.645703 0.251389 0.00859375 0.0138889
0 0.341016 0.917361 0.00859375 0.0125
0 0.308984 0.370833 0.00859375 0.0138889
0 0.7625 0.321528 0.009375 0.0125
0 0.912891 0.634028 0.00859375 0.0125
0 0.769141 0.8375 0.00859375 0.0138889
0 0.059375 0.440972 0.0078125 0.0125
0 0.539844 0.350694 0.009375 0.0125
0 0.472656 0.438889 0.0078125 0.0111111
0 0.274219 0.740278 0.0078125 0.0111111
0 0.121875 0.578472 0.0078125 0.0125
0 0.203906 0.197222 0.0078125 0.0111111
0 0.664062 0.836806 0.0078125 0.0125
0 0.20625 0.297917 0.0078125 0.0125
0 0.325391 0.13125 0.00859375 0.0125
0 0.719922 0.192361 0.00859375 0.0125
0 0.364453 0.711111 0.00703125 0.0111111
0 0.973437 0.952778 0.0078125 0.0138889
0 0.819141 0.25625 0.00859375 0.0125
0 0.298828 0.515972 0.00859375 0.0125
0 0.526953 0.820139 0.00859375 0.0125
0 0.398828 0.614583 0.00859375 0.0125
0 0.110937 0.339583 0.0078125 0.0125
0 0.548047 0.498611 0.00859375 0.0138889
0 0.557422 0.466667 0.00859375 0.0138889
0 0.519922 0.28125 0.00859375 0.0125
0 0.910547 0.325694 0.00859375 0.0125
0 0.743359 0.628472 0.00859375 0.0125
0 0.133984 0.292361 0.00859375 0.0125
0 0.660547 0.913194 0.00859375 0.0152778
0 0.816016 0.13125 0.00859375 0.0125
0 0.922656 0.501389 0.0078125 0.0138889
0 0.332422 0.563194 0.00859375 0.0125
0 0.994531 0.347222 0.0078125 0.0138889
0 0.991406 0.621528 0.0078125 0.0125
0 0.683594 0.757639 0.009375 0.0125
0 0.877344 0.261806 0.0078125 0.0125
0 0.634375 0.729861 0.009375 0.0152778
0 0.543359 0.617361 0.00859375 0.0125
0 0.629687 0.35625 0.0078125 0.0125
0 0.835156 0.6875 0.009375 0.0138889
0 0.808594 0.834028 0.009375 0.0152778
0 0.925391 0.725694 0.00859375 0.0125
0 0.762109 0.772222 0.00859375 0.0138889
