0 0.279687 0.565972 0.0078125 0.00972222
0 0.121875 0.652778 0.0078125 0.0111111
0 0.375 0.696528 0.0078125 0.0125
0 0.56875 0.00694444 0.0109375 0.0111111
0 0.846094 0.985417 0.0109375 0.0152778
0 0.125 0.441667 0.0078125 0.0111111
0 0.121484 0.627083 0.00859375 0.00972222
0 0.150391 0.636111 0.00703125 0.0111111
0 0.559375 0.151389 0.0078125 0.0111111
0 0.75 0.443056 0.009375 0.0138889
0 0.255469 0.0361111 0.0078125 0.0111111
0 0.488281 0.51875 0.009375 0.0125
0 0.199609 0.215972 0.00859375 0.0125
0 0.818359 0.616667 0.00859375 0.0138889
0 0.071875 0.954167 0.0078125 0.0111111
0 0.341016 0.0444444 0.00703125 0.00833333
0 0.346484 0.511111 0.0101562 0.0138889
0 0.364062 0.502778 0.0078125 0.0111111
0 0.0257812 0.175 0.00625 0.0111111
0 0.0492188 0.7625 0.0078125 0.0111111
0 0.330078 0.0694444 0.00703125 0.0111111
0 0.188281 0.638889 0.0078125 0.0111111
0 0.0742188 0.577778 0.0078125 0.0111111
0 0.650781 0.936111 0.009375 0.0138889
0 0.194531 0.555556 0.0078125 0.0111111
0 0.3625 0.711111 0.009375 0.0111111
0 0.0730469 0.890972 0.00859375 0.0152778
0 0.240625 0.199306 0.0078125 0.0125
0 0.340234 0.952778 0.00703125 0.0111111
0 0.0253906 0.66875 0.00703125 0.0125
0 0.888672 0.475 0.00859375 0.0138889
0 0.452344 0.222222 0.0078125 0.0111111
0 0.172656 0.309722 0.0078125 0.0111111
0 0.248828 0.09375 0.00859375 0.0125
0 0.244531 0.356944 0.0078125 0.0111111
0 0.989453 0.684028 0.00859375 0.0125
0 0.830469 0.297222 0.0078125 0.0138889
0 0.346484 0.515972 0.00859375 0.0125
0 0.546484 0.464583 0.00859375 0.0125
0 0.834375 0.629861 0.009375 0.0152778
0 0.755859 0.220139 0.00859375 0.0125
0 0.346094 0.292361 0.009375 0.0125
0 0.208594 0.385417 0.0078125 0.0125
0 0.648438 0.480556 0.0078125 0.0111111
0 0.492188 0.0506944 0.0078125 0.0125
0 0.7 0.604861 0.009375 0.0125
0 0.399609 0.770833 0.00859375 0.0111111
0 0.325391 0.679167 0.0101562 0.0138889
0 0.932813 0.0916667 0.0078125 0.0111111
0 0.812891 0.638194 0.0101562 0.0152778
0 0.983984 0.967361 0.00859375 0.0125
0 0.958203 0.93125 0.00859375 0.0125
0 0.643359 0.185417 0.00859375 0.0125
0 0.214844 0.21875 0.0078125 0.0125
0 0.244141 0.252083 0.00859375 0.0125
0 0.334375 0.185417 0.0078125 0.0125
0 0.676562 0.155556 0.0078125 0.0111111
0 0.513672 0.418056 0.00859375 0.0111111
0 0.873828 0.0881944 0.00859375 0.0125
0 0.926953 0.270833 0.0101562 0.0138889
0 0.685547 0.270139 0.00859375 0.0125
0 0.854297 0.684028 0.00859375 0.0125
0 0.532422 0.638194 0.00859375 0.0125
0 0.501172 0.525 0.00859375 0.0111111
0 0.805078 0.5125 0.0101562 0.0138889
0 0.6625 0.688194 0.009375 0.0125
0 0.737891 0.0881944 0.00859375 0.0125
0 0.659766 0.897917 0.00859375 0.0152778
0 0.765625 0.867361 0.0078125 0.0125
0 0.414844 0.370139 0.0078125 0.0125
0 0.330078 0.453472 0.00859375 0.0125
0 0.548047 0.502083 0.00859375 0.0125
0 0.554688 0.364583 0.0078125 0.0125
0 0.810547 0.322917 0.00859375 0.0152778
0 0.735156 0.6125 0.0109375 0.0166667
0 0.709766 0.683333 0.00859375 0.0111111
0 0.707812 0.541667 0.009375 0.0111111
0 0.778125 0.401389 0.0078125 0.0138889
0 0.616406 0.240972 0.0078125 0.0125
0 0.903516 0.522917 0.0101562 0.0152778
0 0.914844 0.484722 0.009375 0.0138889
