0 0.487891 0.127778 0.00859375 0.0111111
0 0.208594 0.979861 0.0078125 0.00972222
0 0.797266 0.93125 0.0117188 0.0152778
0 0.516406 0.975694 0.0078125 0.0125
0 0.844141 0.295139 0.00859375 0.0125
0 0.7125 0.226389 0.0078125 0.0111111
0 0.392578 0.135417 0.00859375 0.0125
0 0.414844 0.917361 0.0078125 0.0125
0 0.837891 0.0506944 0.00859375 0.0125
0 0.997266 0.559722 0.00546875 0.0166667
0 0.413672 0.846528 0.00859375 0.0125
0 0.199219 0.784028 0.0078125 0.0125
0 0.953125 0.964583 0.0078125 0.0125
0 0.267969 0.336111 0.0078125 0.0111111
0 0.738281 0.969444 0.0078125 0.0138889
0 0.673047 0.616667 0.00859375 0.0138889
0 0.216016 0.624306 0.00703125 0.0125
0 0.123828 0.314583 0.00859375 0.00972222
0 0.252734 0.106944 0.00703125 0.0111111
0 0.503125 0.977778 0.0078125 0.0111111
0 0.102734 0.5125 0.00703125 0.0111111
0 0.955078 0.932639 0.0101562 0.0152778
0 0.451953 0.883333 0.00859375 0.0138889
0 0.786719 0.913889 0.009375 0.0138889
0 0.846484 0.01875 0.00859375 0.0152778
0 0.457031 0.145139 0.009375 0.0125
0 0.286719 0.984028 0.0078125 0.0125
0 0.967969 0.88125 0.0078125 0.0125
0 0.399219 0.941667 0.0078125 0.0111111
0 0.785156 0.0194444 0.009375 0.0138889
0 0.234375 0.970139 0.0078125 0.0125
0 0.122656 0.693056 0.0078125 0.0111111
0 0.327734 0.0708333 0.00859375 0.0111111
0 0.246875 0.742361 0.0078125 0.0125
0 0.2125 0.799306 0.0078125 0.0125
0 0.414453 0.241667 0.00859375 0.0111111
0 0.196875 0.447222 0.0078125 0.0111111
0 0.0917969 0.470139 0.00703125 0.0125
0 0.558984 0.878472 0.00859375 0.0125
0 0.270312 0.154167 0.0078125 0.0111111
0 0.322656 0.956944 0.0078125 0.0111111
0 0.480859 0.331944 0.00859375 0.0111111
0 0.432031 0.750694 0.0078125 0.0125
0 0.216797 0.715278 0.00703125 0.0111111
0 0.210547 0.429861 0.00859375 0.0125
0 0.174219 0.723611 0.0078125 0.0111111
0 0.172266 0.558333 0.00703125 0.0111111
0 0.954687 0.30625 0.009375 0.0152778
0 0.922266 0.351389 0.00859375 0.0138889
0 0.690625 0.674306 0.0078125 0.0125
0 0.648438 0.113194 0.0078125 0.0125
0 0.158984 0.15 0.00703125 0.0111111
0 0.176953 0.604861 0.00703125 0.00972222
0 0.879297 0.461806 0.00859375 0.0152778
0 0.986719 0.115278 0.0078125 0.0138889
0 0.287891 0.00625 0.00859375 0.0125
0 0.250781 0.35 0.0078125 0.0111111
0 0.462109 0.693056 0.00859375 0.0138889
0 0.926953 0.875 0.00859375 0.0138889
0 0.479297 0.415278 0.00703125 0.0111111
0 0.579687 0.7375 0.0078125 0.0111111
0 0.130078 0.415972 0.00859375 0.0125
0 0.706641 0.792361 0.00859375 0.0125
0 0.625391 0.317361 0.00859375 0.0125
0 0.276953 0.234028 0.00859375 0.0125
0 0.638281 0.909028 0.0078125 0.0125
0 0.258594 0.5625 0.0078125 0.0111111
0 0.309375 0.364583 0.0078125 0.0125
0 0.278906 0.629167 0.0078125 0.0111111
0 0.503125 0.286111 0.0078125 0.0111111
0 0.674219 0.0743056 0.0078125 0.0125
0 0.422266 0.714583 0.00859375 0.0125
0 0.771875 0.371528 0.009375 0.0152778
0 0.609766 0.253472 0.00859375 0.0125
0 0.395312 0.60625 0.0078125 0.0125
0 0.867578 0.565972 0.00859375 0.0125
0 0.732422 0.459028 0.00859375 0.0152778
0 0.682422 0.325 0.00859375 0.0138889
0 0.899219 0.319444 0.0078125 0.0111111
0 0.774609 0.805556 0.00859375 0.0111111
0 0.935156 0.632639 0.009375 0.0125
0 0.534766 0.523611 0.00859375 0.0138889
0 0.862891 0.436111 0.00859375 0.0111111
0 0.423047 0.322222 0.00859375 0.0138889
0 0.513281 0.697222 0.0078125 0.0111111
0 0.439844 0.603472 0.0078125 0.0125
0 0.853516 0.501389 0.00859375 0.0111111
0 0.6125 0.763194 0.009375 0.0125
0 0.897266 0.40625 0.00859375 0.0125
0 0.904297 0.73125 0.00859375 0.0125
0 0.711719 0.39375 0.0078125 0.0125
0 0.964844 0.408333 0.009375 0.0138889
