0 0.476953 0.240972 0.00859375 0.0125
0 0.443359 0.307639 0.0101562 0.0180556
0 0.832812 0.105556 0.0078125 0.0138889
0 0.994922 0.43125 0.00703125 0.0125
0 0.407422 0.961806 0.00859375 0.0125
0 0.0621094 0.524306 0.00703125 0.00972222
0 0.653906 0.990278 0.0078125 0.0111111
0 0.969141 0.540972 0.00859375 0.0125
0 0.200781 0.948611 0.009375 0.0111111
0 0.923047 0.075 0.00859375 0.0111111
0 0.151953 0.483333 0.00703125 0.0111111
0 0.790234 0.505556 0.00859375 0.0111111
0 0.232031 0.927778 0.00625 0.0111111
0 0.387109 0.263889 0.00859375 0.0138889
0 0.883984 0.285417 0.0101562 0.0125
0 0.157813 0.509722 0.0078125 0.0111111
0 0.877734 0.524306 0.00859375 0.0125
0 0.471094 0.736111 0.009375 0.0138889
0 0.0777344 0.476389 0.00859375 0.0111111
0 0.763672 0.280556 0.00859375 0.0111111
0 0.869922 0.543056 0.00859375 0.0111111
0 0.44375 0.0180556 0.0078125 0.0111111
0 0.153906 0.206944 0.0078125 0.0111111
0 0.215625 0.944444 0.0078125 0.0111111
0 0.908594 0.929861 0.0078125 0.0152778
0 0.30625 0.104861 0.0078125 0.0125
0 0.0894531 0.24375 0.0101562 0.0125
0 0.326562 0.703472 0.0078125 0.0125
0 0.722266 0.0652778 0.00859375 0.0111111
0 0.948047 0.0409722 0.00859375 0.0125
0 0.130469 0.661111 0.0078125 0.0111111
0 0.157031 0.172917 0.0078125 0.0125
0 0.906641 0.41875 0.0101562 0.0125
0 0.112891 0.308333 0.00859375 0.0111111
0 0.992578 0.471528 0.00859375 0.0125
0 0.31875 0.684028 0.0078125 0.0125
0 0.185547 0.711111 0.00859375 0.0111111
0 0.935547 0.138194 0.00859375 0.0125
0 0.718359 0.698611 0.00859375 0.0138889
0 0.860937 0.945139 0.009375 0.0125
0 0.684766 0.589583 0.00859375 0.0152778
0 0.682031 0.254861 0.0078125 0.0125
0 0.458203 0.730556 0.00859375 0.0138889
0 0.240625 0.550694 0.0078125 0.0125
0 0.773047 0.0777778 0.00859375 0.0111111
0 0.632812 0.746528 0.0078125 0.0125
0 0.876172 0.950694 0.00703125 0.0125
0 0.228516 0.886806 0.00859375 0.0125
0 0.701563 0.320139 0.0078125 0.0125
0 0.744922 0.625 0.00859375 0.0138889
0 0.921484 0.943056 0.00859375 0.0138889
0 0.701172 0.683333 0.00859375 0.0138889
0 0.840625 0.633333 0.0078125 0.0111111
0 0.439453 0.370139 0.00859375 0.0152778
0 0.473437 0.953472 0.0078125 0.0125
0 0.731641 0.258333 0.00859375 0.0111111
0 0.283594 0.229861 0.0078125 0.0125
0 0.329688 0.58125 0.0078125 0.0125
0 0.283594 0.0930556 0.0078125 0.0111111
0 0.687891 0.901389 0.00859375 0.0166667
0 0.364453 0.384722 0.00859375 0.0138889
0 0.640625 0.476389 0.0078125 0.0111111
0 0.430078 0.263889 0.0101562 0.0138889
0 0.980078 0.652083 0.00859375 0.0125
0 0.427734 0.543056 0.00859375 0.0138889
0 0.763281 0.716667 0.009375 0.0111111
0 0.784375 0.654167 0.009375 0.0138889
0 0.88125 0.829861 0.009375 0.0125
0 0.305859 0.629861 0.00859375 0.0125
0 0.827734 0.350694 0.00859375 0.0125
0 0.484766 0.523611 0.00859375 0.0138889
0 0.653516 0.839583 0.00859375 0.0125
0 0.851172 0.428472 0.00859375 0.0125
0 0.831641 0.70625 0.00859375 0.0125
0 0.572266 0.463194 0.00859375 0.0125
0 0.335547 0.478472 0.00859375 0.0125
