0 0.966406 0.170833 0.0078125 0.0166667
0 0.717578 0.486111 0.00859375 0.0138889
0 0.299609 0.719444 0.00859375 0.0111111
0 0.838281 0.0159722 0.0078125 0.0125
0 0.969141 0.615972 0.00859375 0.0125
0 0.131641 0.158333 0.00703125 0.0138889
0 0.873438 0.663194 0.0078125 0.0152778
0 0.653516 0.427083 0.00859375 0.0125
0 0.302344 0.252083 0.0078125 0.0125
0 0.701953 0.684028 0.00859375 0.0152778
0 0.883594 0.819444 0.0078125 0.0166667
0 0.710156 0.484722 0.009375 0.0166667
0 0.547266 0.909028 0.0101562 0.0152778
0 0.775391 0.1125 0.00703125 0.0111111
0 0.794531 0.902778 0.0078125 0.0166667
0 0.228906 0.523611 0.0078125 0.0111111
0 0.219922 0.101389 0.00703125 0.0111111
0 0.718359 0.492361 0.00859375 0.0152778
0 0.744922 0.0694444 0.00859375 0.0138889
0 0.773828 0.344444 0.00859375 0.0166667
0 0.764844 0.0784722 0.0078125 0.0125
0 0.579297 0.5375 0.00859375 0.0138889
0 0.623047 0.1125 0.00859375 0.0166667
0 0.702344 0.663889 0.009375 0.0166667
0 0.616406 0.373611 0.009375 0.0138889
0 0.266016 0.686806 0.00703125 0.00972222
0 0.574219 0.515972 0.0078125 0.0152778
0 0.86875 0.588194 0.009375 0.0125
0 0.211719 0.348611 0.0078125 0.0111111
0 0.230078 0.718056 0.00859375 0.0111111
0 0.557813 0.125694 0.0078125 0.0125
0 0.574219 0.109722 0.0078125 0.0138889
0 0.352344 0.472917 0.0078125 0.0125
0 0.661719 0.80625 0.009375 0.0125
0 0.480859 0.178472 0.00859375 0.0125
0 0.989453 0.833333 0.0101562 0.0166667
0 0.406641 0.640278 0.00859375 0.0138889
0 0.442969 0.0152778 0.0078125 0.0111111
0 0.448438 0.185417 0.0078125 0.0125
0 0.458984 0.124306 0.00859375 0.0125
0 0.387109 0.164583 0.00859375 0.0125
0 0.503516 0.346528 0.00859375 0.0152778
0 0.820703 0.220139 0.00859375 0.0125
0 0.560156 0.3875 0.009375 0.0138889
0 0.64375 0.711806 0.0078125 0.0125
0 0.366016 0.486111 0.00703125 0.0111111
0 0.487109 0.453472 0.00859375 0.0152778
0 0.253125 0.597222 0.0078125 0.0111111
0 0.644141 0.397222 0.00859375 0.0138889
0 0.358594 0.793056 0.0078125 0.0111111
0 0.970703 0.466667 0.00859375 0.0138889
0 0.246875 0.704167 0.0078125 0.0111111
0 0.8875 0.417361 0.009375 0.0180556
0 0.840625 0.508333 0.0078125 0.0138889
0 0.407813 0.553472 0.0078125 0.0125
0 0.970703 0.575694 0.00859375 0.0125
0 0.383203 0.427083 0.00703125 0.0125
0 0.792578 0.420833 0.00859375 0.0111111
0 0.389844 0.691667 0.0078125 0.0138889
0 0.629297 0.531944 0.00859375 0.0138889
0 0.814062 0.347917 0.009375 0.0125
0 0.453516 0.3875 0.00859375 0.0138889
0 0.670313 0.552083 0.009375 0.0152778
0 0.749609 0.534722 0.00859375 0.0138889
0 0.914453 0.552083 0.00859375 0.0125
0 0.397266 0.385417 0.00859375 0.0125
0 0.469141 0.629167 0.00859375 0.0138889
0 0.858203 0.542361 0.00859375 0.0125
