0 0.226172 0.81875 0.00859375 0.0125
0 0.358594 0.0444444 0.009375 0.0138889
0 0.0871094 0.0125 0.00859375 0.0111111
0 0.694531 0.0118056 0.0078125 0.0125
0 0.0171875 0.359722 0.0078125 0.0111111
0 0.0828125 0.225694 0.0078125 0.0125
0 0.121484 0.00486111 0.00703125 0.00972222
0 0.678906 0.0944444 0.0078125 0.0111111
0 0.213281 0.35 0.0078125 0.0111111
0 0.211719 0.577778 0.009375 0.0138889
0 0.691016 0.198611 0.00859375 0.0111111
0 0.541797 0.969444 0.00703125 0.0111111
0 0.959766 0.0166667 0.00703125 0.0111111
0 0.517187 0.0958333 0.009375 0.0138889
0 0.529297 0.91875 0.0101562 0.0125
0 0.0746094 0.0625 0.00703125 0.0111111
0 0.276953 0.0222222 0.00859375 0.0111111
0 0.851562 0.0805556 0.0078125 0.0111111
0 0.219531 0.574306 0.0078125 0.0125
0 0.203125 0.334722 0.0078125 0.0111111
0 0.202734 0.359722 0.00859375 0.0111111
0 0.639844 0.180556 0.0078125 0.0111111
0 0.799219 0.952778 0.009375 0.0166667
0 0.110937 0.6875 0.0078125 0.0111111
0 0.855859 0.0465278 0.00859375 0.0125
0 0.158984 0.311111 0.00703125 0.0111111
0 0.45 0.770833 0.0078125 0.0111111
0 0.0292969 0.704167 0.00703125 0.0111111
0 0.599219 0.318056 0.0109375 0.0166667
0 0.805859 0.3375 0.0101562 0.0166667
0 0.251953 0.617361 0.00703125 0.00972222
0 0.258984 0.195833 0.00703125 0.0111111
0 0.0757812 0.619444 0.0078125 0.0111111
0 0.399219 0.626389 0.0078125 0.0111111
0 0.096875 0.0791667 0.0078125 0.0111111
0 0.525 0.0715278 0.0078125 0.0125
0 0.238281 0.197222 0.0078125 0.0111111
0 0.815625 0.0173611 0.0078125 0.0125
0 0.111719 0.279167 0.0078125 0.0111111
0 0.545313 0.141667 0.0078125 0.0111111
0 0.701953 0.363194 0.00859375 0.0125
0 0.622266 0.292361 0.0101562 0.0152778
0 0.477734 0.838889 0.00859375 0.0138889
0 0.94375 0.120139 0.0078125 0.0125
0 0.238672 0.819444 0.00703125 0.0111111
0 0.271094 0.259028 0.0078125 0.0125
0 0.229687 0.895139 0.0078125 0.00972222
0 0.278906 0.654167 0.0078125 0.0111111
0 0.285156 0.275694 0.0078125 0.0125
0 0.326562 0.797917 0.0078125 0.0125
0 0.394141 0.234722 0.00859375 0.0111111
0 0.533984 0.232639 0.00859375 0.00972222
0 0.317578 0.668056 0.00703125 0.0111111
0 0.350391 0.0944444 0.00703125 0.0111111
0 0.226953 0.94375 0.00703125 0.0125
0 0.471484 0.627778 0.00859375 0.0111111
0 0.208203 0.581944 0.00859375 0.0111111
0 0.192969 0.159722 0.0078125 0.0111111
0 0.440234 0.939583 0.00703125 0.00972222
0 0.222656 0.231944 0.0078125 0.0111111
0 0.176953 0.497917 0.00703125 0.00972222
0 0.541016 0.2625 0.00859375 0.0111111
0 0.538672 0.311806 0.00859375 0.0125
0 0.149609 0.227778 0.00859375 0.0111111
0 0.390234 0.934028 0.00859375 0.0125
0 0.895312 0.195139 0.009375 0.0125
0 0.296094 0.975 0.0078125 0.0111111
0 0.826953 0.120139 0.00859375 0.0125
0 0.175781 0.747222 0.0078125 0.0111111
0 0.930859 0.824306 0.0101562 0.0152778
0 0.451562 0.443056 0.0078125 0.0111111
0 0.363281 0.928472 0.0078125 0.0125
0 0.571875 0.845139 0.0078125 0.0125
0 0.749219 0.215972 0.009375 0.0125
0 0.307422 0.167361 0.00859375 0.0125
0 0.619531 0.470139 0.009375 0.0125
0 0.386328 0.580556 0.00703125 0.0111111
0 0.930469 0.648611 0.0078125 0.0111111
0 0.814062 0.855556 0.0078125 0.0111111
0 0.9625 0.436111 0.0078125 0.0111111
0 0.585938 0.419444 0.0078125 0.0111111
0 0.589453 0.159028 0.00859375 0.0125
0 0.948438 0.74375 0.0078125 0.0125
0 0.867578 0.220139 0.00859375 0.0125
0 0.417188 0.609028 0.0078125 0.0125
0 0.455859 0.361806 0.00859375 0.0125
0 0.963672 0.488194 0.00859375 0.0125
0 0.461328 0.229167 0.00859375 0.0138889
0 0.412109 0.490972 0.00859375 0.0125
0 0.523828 0.472222 0.00859375 0.0111111
0 0.662891 0.515972 0.00859375 0.0125
0 0.714453 0.606944 0.00859375 0.0111111
0 0.666016 0.783333 0.00859375 0.0111111
0 0.250781 0.746528 0.0109375 0.0152778
