0 0.132031 0.233333 0.009375 0.0111111
0 0.532422 0.193056 0.00859375 0.0111111
0 0.839063 0.638889 0.0078125 0.0111111
0 0.333203 0.0791667 0.00703125 0.0111111
0 0.0769531 0.477778 0.00703125 0.0111111
0 0.0972656 0.680556 0.00703125 0.0111111
0 0.159766 0.06875 0.00703125 0.0125
0 0.334766 0.538889 0.00859375 0.0138889
0 0.450781 0.322917 0.009375 0.0125
0 0.958594 0.0472222 0.0078125 0.0111111
0 0.00742187 0.724306 0.00703125 0.0125
0 0.737891 0.834028 0.00859375 0.0152778
0 0.236719 0.28125 0.0078125 0.0125
0 0.816016 0.714583 0.00703125 0.0125
0 0.900781 0.0909722 0.0078125 0.00972222
0 0.285937 0.159028 0.0078125 0.0125
0 0.940234 0.384028 0.00859375 0.0152778
0 0.442969 0.0875 0.0078125 0.0111111
0 0.529688 0.319444 0.0078125 0.0138889
0 0.234766 0.847222 0.00703125 0.0111111
0 0.848828 0.0597222 0.00859375 0.0111111
0 0.0601562 0.693056 0.0078125 0.0111111
0 0.974609 0.0972222 0.00859375 0.0111111
0 0.255469 0.840278 0.0078125 0.0111111
0 0.20625 0.0340278 0.0078125 0.0125
0 0.173438 0.588889 0.0078125 0.0111111
0 0.303516 0.244444 0.00859375 0.0138889
0 0.103516 0.0888889 0.00703125 0.0111111
0 0.817578 0.319444 0.00859375 0.0111111
0 0.0976562 0.48125 0.0078125 0.00972222
0 0.0632813 0.4375 0.0078125 0.0111111
0 0.966406 0.243056 0.009375 0.0138889
0 0.188672 0.840972 0.00859375 0.0125
0 0.525781 0.608333 0.0078125 0.0111111
0 0.385547 0.393056 0.00859375 0.0111111
0 0.402344 0.0340278 0.0078125 0.0125
0 0.236719 0.143056 0.0078125 0.0111111
0 0.982813 0.234722 0.009375 0.0138889
0 0.594141 0.346528 0.00859375 0.0125
0 0.0882813 0.26875 0.0078125 0.0125
0 0.846484 0.802778 0.0101562 0.0166667
0 0.519531 0.463889 0.0078125 0.0111111
0 0.450391 0.35625 0.00859375 0.0125
0 0.989453 0.759028 0.00859375 0.0125
0 0.251172 0.327083 0.00703125 0.0125
0 0.606641 0.361111 0.00859375 0.0138889
0 0.634766 0.180556 0.00859375 0.0138889
0 0.849609 0.479167 0.00859375 0.0138889
0 0.389844 0.754167 0.0078125 0.0138889
0 0.423438 0.224306 0.0078125 0.0125
0 0.494922 0.413194 0.00859375 0.0125
0 0.549609 0.572917 0.00859375 0.0125
0 0.226172 0.56875 0.00859375 0.0125
0 0.634766 0.216667 0.00859375 0.0138889
0 0.614062 0.292361 0.0078125 0.0125
0 0.869141 0.786806 0.00859375 0.0125
0 0.327734 0.390972 0.00859375 0.0125
0 0.558594 0.965972 0.0078125 0.0125
0 0.916406 0.454861 0.009375 0.0125
0 0.389453 0.363194 0.00703125 0.0125
0 0.860547 0.564583 0.00859375 0.0125
0 0.675391 0.526389 0.00859375 0.0138889
0 0.74375 0.50625 0.009375 0.0125
0 0.722266 0.643056 0.00859375 0.0138889
0 0.683594 0.159028 0.009375 0.0125
0 0.2125 0.170833 0.0078125 0.0111111
0 0.833984 0.160417 0.00859375 0.0152778
0 0.215625 0.675 0.009375 0.0138889
0 0.555859 0.902778 0.00859375 0.0138889
0 0.133594 0.763194 0.0078125 0.0125
0 0.625781 0.375 0.0078125 0.0138889
0 0.528906 0.775694 0.0078125 0.0125
0 0.433594 0.119444 0.009375 0.0138889
0 0.678125 0.294444 0.0078125 0.0138889
0 0.443359 0.529861 0.00859375 0.0125
0 0.541406 0.634028 0.0078125 0.0125
0 0.487109 0.685417 0.00859375 0.0125
0 0.648047 0.551389 0.00859375 0.0138889
0 0.533594 0.438194 0.0078125 0.0125
