0 0.0722656 0.180556 0.00703125 0.0111111
0 0.950781 0.553472 0.0078125 0.0152778
0 0.869531 0.0131944 0.0109375 0.0125
0 0.119531 0.321528 0.0078125 0.0125
0 0.895312 0.840972 0.0078125 0.0125
0 0.726562 0.352083 0.009375 0.0125
0 0.462891 0.0819444 0.00859375 0.0111111
0 0.498437 0.327778 0.0078125 0.0111111
0 0.148828 0.545833 0.00859375 0.0111111
0 0.483594 0.441667 0.0109375 0.0111111
0 0.0574219 0.690278 0.00703125 0.0111111
0 0.291406 0.291667 0.0078125 0.0111111
0 0.0136719 0.790278 0.00703125 0.0138889
0 0.193359 0.370833 0.00859375 0.0111111
0 0.648047 0.0680556 0.00703125 0.0111111
0 0.646484 0.280556 0.0101562 0.0138889
0 0.628516 0.903472 0.00859375 0.0125
0 0.833203 0.935417 0.00859375 0.0152778
0 0.120703 0.393056 0.00859375 0.0111111
0 0.192578 0.7625 0.00859375 0.0111111
0 0.0859375 0.8125 0.0078125 0.0111111
0 0.815625 0.990972 0.009375 0.0125
0 0.729297 0.347222 0.00859375 0.0138889
0 0.941797 0.0576389 0.00859375 0.0125
0 0.0914062 0.775 0.0078125 0.0111111
0 0.7875 0.327083 0.0078125 0.0152778
0 0.652344 0.3 0.009375 0.0138889
0 0.868359 0.378472 0.0101562 0.0125
0 0.491797 0.334722 0.00859375 0.0138889
0 0.652344 0.0923611 0.0078125 0.0125
0 0.126172 0.867361 0.00703125 0.00972222
0 0.4875 0.441667 0.009375 0.0111111
0 0.0652344 0.661806 0.00703125 0.00972222
0 0.875781 0.0173611 0.009375 0.0125
0 0.861328 0.770139 0.00859375 0.0125
0 0.623438 0.828472 0.009375 0.0125
0 0.910156 0.875 0.009375 0.0138889
0 0.273828 0.375 0.00859375 0.0138889
0 0.812109 0.169444 0.00859375 0.0111111
0 0.638281 0.1375 0.0078125 0.0138889
0 0.0878906 0.711111 0.00703125 0.0111111
0 0.355859 0.85625 0.00859375 0.0125
0 0.114063 0.553472 0.0078125 0.0125
0 0.282031 0.878472 0.0078125 0.0125
0 0.147266 0.41875 0.00859375 0.0125
0 0.685938 0.322917 0.009375 0.0125
0 0.194922 0.39375 0.00859375 0.0125
0 0.178125 0.241667 0.0078125 0.0111111
0 0.45625 0.365972 0.009375 0.0152778
0 0.926172 0.9 0.00859375 0.0138889
0 0.8625 0.0826389 0.0078125 0.0125
0 0.09375 0.349306 0.0078125 0.0125
0 0.684766 0.213889 0.00859375 0.0111111
0 0.561719 0.182639 0.0078125 0.0125
0 0.30625 0.0354167 0.0078125 0.0125
0 0.0585938 0.0423611 0.0078125 0.0125
0 0.324609 0.298611 0.00859375 0.0138889
0 0.548047 0.60625 0.00859375 0.0125
0 0.420703 0.932639 0.00859375 0.0125
0 0.190234 0.826389 0.00703125 0.0111111
0 0.549609 0.446528 0.00859375 0.0125
0 0.342969 0.126389 0.0078125 0.0111111
0 0.963672 0.240278 0.00859375 0.0111111
0 0.850391 0.914583 0.00859375 0.0125
0 0.762891 0.48125 0.00859375 0.0125
0 0.327734 0.172222 0.00859375 0.0111111
0 0.595703 0.147222 0.00859375 0.0111111
0 0.357812 0.670139 0.009375 0.0125
0 0.526953 0.0451389 0.00859375 0.0125
0 0.897266 0.759722 0.00859375 0.0138889
0 0.472266 0.907639 0.00859375 0.0125
0 0.576953 0.645833 0.00859375 0.0111111
0 0.55 0.672917 0.009375 0.0125
0 0.956641 0.830556 0.00859375 0.0138889
0 0.180078 0.602083 0.00859375 0.0125
0 0.239063 0.754861 0.0078125 0.0125
0 0.769141 0.620139 0.00859375 0.0125
0 0.115234 0.830556 0.00703125 0.0111111
0 0.510156 0.229167 0.0078125 0.0111111
0 0.473047 0.802083 0.00859375 0.0125
0 0.116797 0.286806 0.00859375 0.0125
0 0.530469 0.522222 0.009375 0.0138889
0 0.667188 0.161806 0.0078125 0.0152778
0 0.784375 0.513889 0.009375 0.0138889
0 0.412109 0.156944 0.00859375 0.0111111
0 0.366016 0.436806 0.00859375 0.0125
0 0.435547 0.597917 0.00859375 0.0125
0 0.433203 0.784722 0.00859375 0.0111111
0 0.627344 0.442361 0.009375 0.0125
0 0.758203 0.596528 0.00859375 0.0125
0 0.864453 0.488194 0.00859375 0.0125
0 0.641406 0.663194 0.009375 0.0125
0 0.589453 0.520833 0.00859375 0.0111111
0 0.616406 0.730556 0.009375 0.0138889
0 0.369141 0.797917 0.00859375 0.0125
