0 0.826172 0.804861 0.00859375 0.0125
0 0.289453 0.0104167 0.00859375 0.00972222
0 0.275391 0.640278 0.00703125 0.0111111
0 0.264062 0.4625 0.0078125 0.0138889
0 0.455859 0.25 0.00859375 0.0138889
0 0.945703 0.58125 0.0101562 0.0152778
0 0.672266 0.871528 0.00859375 0.0125
0 0.322266 0.213194 0.00859375 0.0125
0 0.319531 0.890278 0.0078125 0.0111111
0 0.167578 0.50625 0.00859375 0.0125
0 0.00703125 0.667361 0.0109375 0.0569444
0 0.963281 0.596528 0.009375 0.0180556
0 0.594922 0.334028 0.00859375 0.0125
0 0.250781 0.513194 0.0078125 0.0125
0 0.983203 0.651389 0.00859375 0.0138889
0 0.726562 0.756944 0.0078125 0.0111111
0 0.153516 0.0375 0.00859375 0.0111111
0 0.403516 0.0569444 0.00859375 0.0111111
0 0.596094 0.347917 0.009375 0.0125
0 0.917578 0.772222 0.0101562 0.0166667
0 0.277734 0.0104167 0.00859375 0.00972222
0 0.426172 0.577778 0.00859375 0.0138889
0 0.795703 0.208333 0.00859375 0.0138889
0 0.164062 0.128472 0.0078125 0.0125
0 0.594922 0.324306 0.00859375 0.0125
0 0.175391 0.873611 0.00859375 0.0111111
0 0.690234 0.800694 0.00859375 0.0125
0 0.452344 0.245833 0.0109375 0.0138889
0 0.0703125 0.426389 0.0078125 0.0111111
0 0.775781 0.133333 0.0078125 0.0111111
0 0.430078 0.145833 0.00859375 0.0111111
0 0.236328 0.159722 0.00703125 0.0111111
0 0.414453 0.124306 0.00859375 0.0125
0 0.303125 0.0527778 0.0078125 0.0111111
0 0.523438 0.716667 0.009375 0.0138889
0 0.424219 0.961806 0.0078125 0.0125
0 0.510938 0.708333 0.0078125 0.0138889
0 0.951953 0.663194 0.00859375 0.0125
0 0.310156 0.855556 0.0078125 0.0111111
0 0.607422 0.195833 0.00859375 0.0111111
0 0.571094 0.324306 0.0078125 0.0125
0 0.496875 0.525694 0.009375 0.0125
0 0.40625 0.545833 0.009375 0.0138889
0 0.217187 0.178472 0.0078125 0.0125
0 0.214453 0.752083 0.00859375 0.0125
0 0.264844 0.458333 0.0078125 0.0111111
0 0.585938 0.370833 0.009375 0.0138889
0 0.628125 0.572917 0.009375 0.0125
0 0.329688 0.365278 0.0078125 0.0111111
0 0.805859 0.341667 0.0101562 0.0138889
0 0.591797 0.206944 0.00859375 0.0138889
0 0.720703 0.0305556 0.00859375 0.0138889
0 0.437891 0.745139 0.00859375 0.0125
0 0.740625 0.802778 0.0078125 0.0138889
0 0.129688 0.216667 0.0078125 0.0111111
0 0.691406 0.0388889 0.0078125 0.0111111
0 0.125 0.265972 0.0078125 0.0125
0 0.344141 0.830556 0.00703125 0.0111111
0 0.631641 0.848611 0.00859375 0.0138889
0 0.944531 0.577083 0.009375 0.0125
0 0.159375 0.391667 0.0078125 0.0138889
0 0.555859 0.897917 0.00703125 0.0125
0 0.766406 0.456944 0.0078125 0.0138889
0 0.808594 0.43125 0.009375 0.0125
0 0.366016 0.320139 0.00859375 0.0125
0 0.683984 0.984722 0.00859375 0.0138889
0 0.785547 0.158333 0.00859375 0.0138889
0 0.253125 0.564583 0.0078125 0.0125
0 0.905859 0.550694 0.0101562 0.0152778
0 0.728516 0.516667 0.00859375 0.0138889
0 0.546875 0.838194 0.0078125 0.0125
0 0.372266 0.709028 0.00859375 0.0125
0 0.442187 0.872222 0.0078125 0.0111111
0 0.858594 0.150694 0.0078125 0.0125
0 0.662891 0.927083 0.00859375 0.0125
0 0.735156 0.873611 0.009375 0.0138889
0 0.774219 0.517361 0.009375 0.0152778
