0 0.710938 0.628472 0.009375 0.0125
0 0.120703 0.306944 0.00859375 0.0111111
0 0.319531 0.540972 0.009375 0.0125
0 0.966797 0.814583 0.00703125 0.0125
0 0.227734 0.972222 0.00703125 0.0111111
0 0.985547 0.315278 0.00859375 0.0111111
0 0.271875 0.738194 0.00625 0.00972222
0 0.19375 0.0659722 0.0078125 0.00972222
0 0.227734 0.625 0.00703125 0.0111111
0 0.690625 0.223611 0.0078125 0.0111111
0 0.536328 0.0236111 0.00859375 0.0111111
0 0.40625 0.0715278 0.0078125 0.0125
0 0.798437 0.313194 0.0078125 0.0125
0 0.403516 0.102778 0.00859375 0.0138889
0 0.255469 0.986111 0.0078125 0.0111111
0 0.365234 0.707639 0.00703125 0.00972222
0 0.483594 0.177778 0.0078125 0.0111111
0 0.127344 0.16875 0.0078125 0.0125
0 0.246875 0.0472222 0.0078125 0.0111111
0 0.216406 0.976389 0.0078125 0.0111111
0 0.912109 0.943056 0.00859375 0.0194444
0 0.107422 0.688194 0.00703125 0.00972222
0 0.125781 0.19375 0.0078125 0.00972222
0 0.320312 0.0361111 0.0078125 0.0111111
0 0.884766 0.153472 0.00859375 0.0152778
0 0.122656 0.0201389 0.0078125 0.0125
0 0.967188 0.797222 0.0078125 0.0138889
0 0.2625 0.207639 0.0078125 0.0125
0 0.396875 0.129167 0.0078125 0.0111111
0 0.779688 0.957639 0.0078125 0.0125
0 0.832812 0.754167 0.009375 0.0138889
0 0.705859 0.219444 0.00859375 0.0111111
0 0.141016 0.119444 0.00703125 0.0111111
0 0.674609 0.220833 0.00859375 0.0138889
0 0.320312 0.101389 0.0078125 0.0111111
0 0.271875 0.877083 0.0078125 0.00972222
0 0.614844 0.809028 0.0078125 0.0125
0 0.187891 0.681944 0.00703125 0.0111111
0 0.0726563 0.2375 0.0078125 0.0111111
0 0.684766 0.01875 0.00859375 0.0125
0 0.4 0.865278 0.0078125 0.0111111
0 0.379297 0.186806 0.00859375 0.0125
0 0.0878906 0.131944 0.00703125 0.0111111
0 0.142969 0.329167 0.009375 0.0138889
0 0.498437 0.0763889 0.0078125 0.0111111
0 0.50625 0.815278 0.0078125 0.0111111
0 0.880859 0.0993056 0.00859375 0.0125
0 0.549609 0.677083 0.00859375 0.0125
0 0.154297 0.567361 0.00703125 0.0125
0 0.421484 0.259722 0.00859375 0.0111111
0 0.48125 0.675694 0.0078125 0.0125
0 0.39375 0.918056 0.0078125 0.0111111
0 0.262109 0.398611 0.00703125 0.0111111
0 0.123047 0.876389 0.00859375 0.0138889
0 0.1875 0.897917 0.0078125 0.0125
0 0.245312 0.497917 0.0078125 0.0125
0 0.960938 0.564583 0.009375 0.0152778
0 0.322656 0.954861 0.0078125 0.0125
0 0.288281 0.93125 0.0078125 0.0125
0 0.139844 0.496528 0.0078125 0.0125
0 0.401953 0.602778 0.00859375 0.0111111
0 0.489844 0.216667 0.0078125 0.0111111
0 0.451172 0.303472 0.00859375 0.0125
0 0.382031 0.818056 0.0078125 0.0111111
0 0.341406 0.175 0.0078125 0.0111111
0 0.402344 0.536111 0.0078125 0.0111111
0 0.565234 0.667361 0.00703125 0.0125
0 0.288281 0.794444 0.0078125 0.0111111
0 0.712109 0.174306 0.00859375 0.0125
0 0.366016 0.75625 0.00859375 0.0125
0 0.538672 0.401389 0.00859375 0.0138889
0 0.633203 0.889583 0.00859375 0.0125
0 0.981641 0.36875 0.00859375 0.0125
0 0.510547 0.870139 0.00703125 0.0125
0 0.683203 0.366667 0.00859375 0.0138889
0 0.789062 0.463194 0.0109375 0.0180556
0 0.499219 0.557639 0.0078125 0.0125
0 0.423438 0.629861 0.009375 0.0125
0 0.216406 0.252083 0.0078125 0.00972222
0 0.877344 0.879861 0.0078125 0.0125
0 0.790234 0.338889 0.00859375 0.0138889
0 0.588672 0.884028 0.00859375 0.0125
0 0.812891 0.95625 0.00859375 0.0125
0 0.971484 0.895139 0.00859375 0.0125
0 0.851953 0.561806 0.00859375 0.0125
0 0.783203 0.697222 0.00859375 0.0138889
