0 0.239844 0.579167 0.0078125 0.0138889
0 0.546094 0.195139 0.009375 0.0125
0 0.119141 0.347222 0.00859375 0.0138889
0 0.0992187 0.0229167 0.009375 0.0125
0 0.163672 0.758333 0.00859375 0.0111111
0 0.222266 0.419444 0.00703125 0.0138889
0 0.671094 0.451389 0.0109375 0.0194444
0 0.758984 0.08125 0.00859375 0.0125
0 0.529688 0.159722 0.0078125 0.0111111
0 0.125 0.110417 0.0078125 0.0125
0 0.996484 0.540278 0.00546875 0.0138889
0 0.546484 0.115278 0.00859375 0.0138889
0 0.221875 0.426389 0.0078125 0.0138889
0 0.154297 0.547917 0.00859375 0.0125
0 0.176563 0.263194 0.009375 0.0125
0 0.452344 0.879167 0.0078125 0.0138889
0 0.676172 0.475694 0.00859375 0.0152778
0 0.249219 0.00763889 0.0078125 0.00972222
0 0.766797 0.147222 0.00859375 0.0111111
0 0.769531 0.975694 0.0078125 0.0125
0 0.563672 0.0326389 0.00859375 0.0125
0 0.346875 0.477778 0.0078125 0.0138889
0 0.186719 0.653472 0.0078125 0.0125
0 0.671484 0.781944 0.00859375 0.0138889
0 0.877734 0.496528 0.00859375 0.0125
0 0.166016 0.0715278 0.00703125 0.0125
0 0.43125 0.0902778 0.009375 0.0138889
0 0.973047 0.290278 0.00859375 0.0138889
0 0.987109 0.282639 0.00859375 0.0125
0 0.741406 0.313889 0.009375 0.0138889
0 0.896875 0.989583 0.0078125 0.0125
0 0.261719 0.127778 0.0078125 0.0111111
0 0.250781 0.18125 0.0078125 0.0125
0 0.291016 0.365972 0.00859375 0.0152778
0 0.711719 0.6625 0.009375 0.0138889
0 0.666797 0.447917 0.00859375 0.0152778
0 0.691016 0.315278 0.00859375 0.0138889
0 0.730469 0.514583 0.009375 0.0125
0 0.709766 0.348611 0.00859375 0.0138889
0 0.785547 0.982639 0.00859375 0.0125
0 0.727734 0.0986111 0.00859375 0.0138889
0 0.533594 0.907639 0.0078125 0.0125
0 0.984766 0.216667 0.00859375 0.0138889
0 0.572656 0.281944 0.009375 0.0138889
0 0.781641 0.194444 0.00859375 0.0111111
0 0.320703 0.348611 0.00859375 0.0138889
0 0.213672 0.327083 0.00859375 0.0125
0 0.913281 0.334028 0.0078125 0.0125
0 0.498828 0.0319444 0.00859375 0.0138889
0 0.635156 0.513194 0.009375 0.0152778
0 0.748438 0.505556 0.009375 0.0138889
0 0.945703 0.258333 0.00859375 0.0138889
0 0.895703 0.956944 0.00859375 0.0138889
0 0.654297 0.813889 0.00859375 0.0138889
0 0.346094 0.304167 0.009375 0.0138889
0 0.727344 0.652083 0.0078125 0.0125
0 0.991797 0.792361 0.00859375 0.0152778
0 0.985547 0.590972 0.00859375 0.0125
0 0.531641 0.104167 0.00859375 0.0138889
0 0.956641 0.470139 0.00859375 0.0125
0 0.233203 0.825694 0.00859375 0.0152778
0 0.508594 0.500694 0.009375 0.0152778
0 0.367578 0.441667 0.00859375 0.0138889
0 0.590625 0.0756944 0.0078125 0.0125
0 0.534375 0.3 0.009375 0.0138889
0 0.523828 0.0423611 0.00859375 0.0125
0 0.576172 0.810417 0.00859375 0.0125
0 0.620313 0.928472 0.0078125 0.0125
0 0.962891 0.917361 0.00859375 0.0152778
0 0.485156 0.745833 0.009375 0.0138889
0 0.7 0.95 0.009375 0.0138889
