0 0.0167969 0.859028 0.00859375 0.0152778
0 0.103125 0.75 0.0078125 0.0111111
0 0.480078 0.845833 0.00703125 0.0111111
0 0.4875 0.959722 0.009375 0.0138889
0 0.475781 0.129861 0.0078125 0.0125
0 0.0214844 0.0993056 0.00703125 0.00972222
0 0.16875 0.897917 0.0109375 0.0152778
0 0.801953 0.7375 0.0117188 0.0166667
0 0.165625 0.397917 0.00625 0.00972222
0 0.554688 0.648611 0.0078125 0.0111111
0 0.163281 0.897917 0.009375 0.0125
0 0.05625 0.0493056 0.0078125 0.0125
0 0.931641 0.613889 0.00703125 0.0138889
0 0.453516 0.00972222 0.00859375 0.0111111
0 0.171094 0.894444 0.009375 0.0111111
0 0.06875 0.241667 0.00625 0.0111111
0 0.177344 0.922222 0.00625 0.0111111
0 0.417188 0.650694 0.0078125 0.0125
0 0.445312 0.277778 0.0078125 0.0111111
0 0.528906 0.229861 0.009375 0.0125
0 0.158594 0.229861 0.0078125 0.0125
0 0.236719 0.852083 0.0078125 0.0125
0 0.490234 0.0326389 0.00859375 0.0125
0 0.104687 0.804861 0.0078125 0.00972222
0 0.902344 0.645833 0.0078125 0.0111111
0 0.659766 0.475694 0.00859375 0.0125
0 0.546484 0.474306 0.00859375 0.0125
0 0.139062 0.813194 0.0078125 0.0125
0 0.290625 0.418056 0.009375 0.0138889
0 0.650781 0.716667 0.0078125 0.0138889
0 0.171484 0.461111 0.00703125 0.0111111
0 0.3875 0.472222 0.009375 0.0138889
0 0.246094 0.873611 0.0078125 0.0111111
0 0.526563 0.501389 0.0078125 0.0111111
0 0.406641 0.127778 0.00859375 0.0111111
0 0.936719 0.0305556 0.0078125 0.0111111
0 0.950781 0.245833 0.0078125 0.0111111
0 0.511328 0.460417 0.00703125 0.00972222
0 0.946484 0.0756944 0.00859375 0.0125
0 0.148047 0.51875 0.00859375 0.0125
0 0.485156 0.494444 0.0078125 0.0111111
0 0.172266 0.354167 0.00703125 0.0111111
0 0.758203 0.589583 0.00859375 0.0152778
0 0.207422 0.414583 0.00859375 0.0125
0 0.148828 0.190278 0.00703125 0.0111111
0 0.326562 0.163194 0.009375 0.0125
0 0.725 0.891667 0.0109375 0.0166667
0 0.669531 0.954861 0.0078125 0.0125
0 0.242188 0.0534722 0.0078125 0.0125
0 0.598047 0.135417 0.00703125 0.0125
0 0.411719 0.309028 0.009375 0.0125
0 0.969922 0.0798611 0.00859375 0.0125
0 0.516797 0.382639 0.00859375 0.0125
0 0.903906 0.186806 0.009375 0.0125
0 0.707422 0.984722 0.00859375 0.0138889
0 0.924219 0.288889 0.009375 0.0138889
0 0.209766 0.648611 0.00703125 0.0111111
0 0.592188 0.320833 0.009375 0.0138889
0 0.974219 0.821528 0.0078125 0.0125
0 0.391797 0.224306 0.00859375 0.0125
0 0.630859 0.65 0.00859375 0.0138889
0 0.071875 0.593056 0.0078125 0.0111111
0 0.695703 0.342361 0.00859375 0.0125
0 0.269922 0.6 0.00859375 0.0111111
0 0.976562 0.777778 0.0078125 0.0138889
0 0.260156 0.125 0.0078125 0.0111111
0 0.485156 0.343056 0.0078125 0.0111111
0 0.807031 0.675694 0.0078125 0.0125
0 0.141016 0.740972 0.00703125 0.00972222
0 0.580469 0.945833 0.0078125 0.0138889
0 0.854297 0.45 0.00859375 0.0138889
0 0.314063 0.549306 0.0078125 0.0125
0 0.983203 0.473611 0.00859375 0.0138889
0 0.594531 0.860417 0.0078125 0.0125
0 0.546875 0.342361 0.009375 0.0125
0 0.890234 0.726389 0.00859375 0.0111111
0 0.521094 0.346528 0.009375 0.0125
0 0.90625 0.430556 0.009375 0.0138889
0 0.889453 0.861111 0.00859375 0.0111111
0 0.884766 0.651389 0.00859375 0.0138889
0 0.452734 0.529861 0.00859375 0.0125
0 0.791797 0.501389 0.00703125 0.0138889
0 0.764453 0.525 0.00859375 0.0111111
0 0.460938 0.860417 0.0078125 0.0125
0 0.816016 0.498611 0.00859375 0.0138889
0 0.644922 0.428472 0.00859375 0.0125
0 0.592188 0.597917 0.0078125 0.0125
0 0.44375 0.709028 0.009375 0.0125
0 0.685938 0.83125 0.0078125 0.0125
0 0.557813 0.683333 0.0078125 0.0138889
0 0.876172 0.540972 0.00859375 0.0152778
0 0.634375 0.788194 0.0078125 0.0125
0 0.835156 0.271528 0.009375 0.0152778
0 0.710547 0.699306 0.00859375 0.0152778
0 0.721484 0.394444 0.00859375 0.0138889
0 0.938672 0.571528 0.00859375 0.0125
