0 0.141797 0.379167 0.00859375 0.0111111
0 0.681641 0.888889 0.00859375 0.0166667
0 0.542578 0.163194 0.00859375 0.0125
0 0.125781 0.408333 0.009375 0.0111111
0 0.0886719 0.416667 0.00859375 0.0111111
0 0.424219 0.0131944 0.0078125 0.0125
0 0.759375 0.393056 0.009375 0.0166667
0 0.102344 0.416667 0.0078125 0.0111111
0 0.243359 0.33125 0.00859375 0.0125
0 0.308203 0.908333 0.00703125 0.0111111
0 0.995703 0.0319444 0.00703125 0.0194444
0 0.756641 0.402778 0.00859375 0.0138889
0 0.763281 0.2375 0.0078125 0.0166667
0 0.561328 0.0375 0.00703125 0.0111111
0 0.153906 0.654861 0.0078125 0.0125
0 0.887891 0.409028 0.0101562 0.0180556
0 0.175391 0.525694 0.00859375 0.0125
0 0.182422 0.738889 0.00859375 0.0111111
0 0.201953 0.564583 0.00859375 0.0125
0 0.54375 0.167361 0.009375 0.0125
0 0.269922 0.390972 0.00859375 0.0180556
0 0.791797 0.409722 0.00703125 0.0138889
0 0.101953 0.183333 0.00859375 0.0138889
0 0.834375 0.7125 0.009375 0.0194444
0 0.590625 0.640972 0.0078125 0.0180556
0 0.441406 0.0388889 0.0078125 0.0138889
0 0.632812 0.952778 0.0078125 0.0138889
0 0.198437 0.125694 0.0078125 0.0125
0 0.688672 0.646528 0.00859375 0.0125
0 0.629687 0.3125 0.0078125 0.0111111
0 0.872266 0.923611 0.0101562 0.0166667
0 0.773438 0.0611111 0.0078125 0.0111111
0 0.546875 0.574306 0.0078125 0.0180556
0 0.229297 0.3375 0.00859375 0.0138889
0 0.825391 0.538889 0.00859375 0.0194444
0 0.123828 0.0222222 0.00859375 0.0138889
0 0.590234 0.929167 0.00859375 0.0138889
0 0.988672 0.470833 0.0101562 0.0166667
0 0.9625 0.965278 0.0078125 0.0111111
0 0.339063 0.227083 0.0078125 0.0125
0 0.595312 0.335417 0.009375 0.0125
0 0.492969 0.313194 0.0078125 0.0125
0 0.295312 0.483333 0.0078125 0.0138889
0 0.590625 0.884722 0.0078125 0.0138889
0 0.198828 0.198611 0.00859375 0.0138889
0 0.635938 0.0805556 0.0078125 0.0111111
0 0.944922 0.911111 0.00859375 0.0138889
0 0.344922 0.595833 0.00859375 0.0138889
0 0.748047 0.167361 0.00859375 0.0125
0 0.798047 0.186111 0.00859375 0.0138889
0 0.746484 0.317361 0.00859375 0.0125
0 0.531641 0.280556 0.00859375 0.0111111
0 0.483203 0.3625 0.00859375 0.0138889
0 0.360547 0.804861 0.00859375 0.0152778
0 0.319141 0.674306 0.00859375 0.0125
0 0.739062 0.272222 0.009375 0.0138889
0 0.622656 0.340972 0.009375 0.0152778
0 0.944922 0.819444 0.00859375 0.0166667
0 0.395312 0.304167 0.0078125 0.0138889
0 0.641016 0.501389 0.00859375 0.0138889
0 0.709766 0.686111 0.00859375 0.0138889
0 0.402344 0.742361 0.0078125 0.0125
