0 0.245703 0.480556 0.0101562 0.0111111
0 0.150391 0.991667 0.00859375 0.0111111
0 0.801953 0.676389 0.00859375 0.0111111
0 0.962109 0.4625 0.00859375 0.0138889
0 0.824219 0.844444 0.009375 0.0138889
0 0.204688 0.147222 0.0078125 0.0111111
0 0.838672 0.710417 0.00859375 0.0125
0 0.239453 0.475694 0.00859375 0.0125
0 0.296484 0.53125 0.00859375 0.0152778
0 0.121094 0.0402778 0.0078125 0.0111111
0 0.834766 0.10625 0.00859375 0.0125
0 0.580859 0.948611 0.0101562 0.0138889
0 0.249219 0.482639 0.0078125 0.00972222
0 0.0566406 0.0569444 0.00703125 0.0111111
0 0.053125 0.111111 0.0078125 0.0111111
0 0.579297 0.952083 0.00859375 0.0125
0 0.0976562 0.0194444 0.0078125 0.0111111
0 0.391016 0.458333 0.00859375 0.0138889
0 0.144531 0.0409722 0.0078125 0.00972222
0 0.207031 0.0625 0.0078125 0.0111111
0 0.368359 0.115278 0.00859375 0.0111111
0 0.028125 0.401389 0.0078125 0.0111111
0 0.199219 0.388194 0.0078125 0.0125
0 0.689453 0.0576389 0.0101562 0.0125
0 0.4125 0.45 0.009375 0.0138889
0 0.951172 0.89375 0.00859375 0.0125
0 0.575781 0.285417 0.009375 0.0152778
0 0.216406 0.45 0.0078125 0.0111111
0 0.221484 0.232639 0.00859375 0.0125
0 0.601562 0.849306 0.0078125 0.0125
0 0.343359 0.0972222 0.00859375 0.0111111
0 0.263281 0.177778 0.0078125 0.0111111
0 0.824609 0.182639 0.0101562 0.0125
0 0.287891 0.145139 0.00859375 0.0125
0 0.671875 0.879861 0.009375 0.0125
0 0.0230469 0.713194 0.00859375 0.0125
0 0.204297 0.565278 0.00703125 0.0111111
0 0.741016 0.402778 0.00859375 0.0138889
0 0.46875 0.221528 0.0078125 0.0125
0 0.779688 0.238889 0.0078125 0.0111111
0 0.332422 0.160417 0.00859375 0.0125
0 0.785547 0.893056 0.00859375 0.0138889
0 0.532422 0.425694 0.00859375 0.0125
0 0.701563 0.730556 0.0078125 0.0111111
0 0.0875 0.656944 0.0078125 0.0111111
0 0.375391 0.638889 0.00859375 0.0111111
0 0.496094 0.3875 0.009375 0.0138889
0 0.737891 0.45625 0.00859375 0.0125
0 0.98125 0.367361 0.009375 0.0125
0 0.503516 0.593056 0.00859375 0.0138889
0 0.337109 0.354861 0.00859375 0.0125
0 0.412891 0.364583 0.00859375 0.0125
0 0.842188 0.770833 0.0078125 0.0111111
0 0.639063 0.225694 0.0078125 0.0125
0 0.935547 0.83125 0.0101562 0.0152778
0 0.840234 0.636111 0.00859375 0.0111111
0 0.119141 0.563889 0.00859375 0.0111111
0 0.476172 0.286806 0.00859375 0.0125
0 0.101953 0.494444 0.00859375 0.0111111
0 0.376953 0.806944 0.00859375 0.0111111
0 0.598828 0.475 0.00859375 0.0111111
0 0.646484 0.345139 0.00859375 0.0125
0 0.236719 0.316667 0.009375 0.0138889
0 0.676172 0.905556 0.00859375 0.0138889
0 0.352734 0.621528 0.00859375 0.0125
0 0.430469 0.501389 0.009375 0.0138889
0 0.820312 0.650694 0.009375 0.0125
0 0.136328 0.707639 0.00859375 0.0125
0 0.310547 0.304861 0.00859375 0.0125
0 0.866016 0.470139 0.00859375 0.0125
0 0.875781 0.618056 0.0078125 0.0111111
0 0.659375 0.68125 0.009375 0.0125
0 0.284375 0.247222 0.009375 0.0138889
0 0.535937 0.595139 0.0078125 0.0125
0 0.391406 0.252083 0.0078125 0.0125
0 0.258203 0.699306 0.00859375 0.0125
0 0.4 0.686111 0.0078125 0.0111111
0 0.162891 0.704167 0.00859375 0.0111111
0 0.1875 0.567361 0.0078125 0.0125
0 0.424219 0.850694 0.009375 0.0125
0 0.453125 0.560417 0.0078125 0.0125
0 0.890625 0.753472 0.009375 0.0125
0 0.661719 0.752083 0.009375 0.0125
