0 0.762109 0.297222 0.00859375 0.0166667
0 0.078125 0.611806 0.0078125 0.0125
0 0.632422 0.892361 0.00859375 0.0125
0 0.281641 0.910417 0.0101562 0.0152778
0 0.667969 0.0541667 0.009375 0.0138889
0 0.230078 0.416667 0.00859375 0.0138889
0 0.101562 0.270139 0.0078125 0.0125
0 0.346094 0.647222 0.0078125 0.0111111
0 0.307031 0.25 0.009375 0.0111111
0 0.865625 0.120139 0.0078125 0.0125
0 0.375391 0.771528 0.00859375 0.0125
0 0.457422 0.326389 0.00859375 0.0111111
0 0.165625 0.0159722 0.0078125 0.0125
0 0.109375 0.414583 0.0078125 0.0125
0 0.687109 0.632639 0.00859375 0.0180556
0 0.705469 0.790278 0.0078125 0.0138889
0 0.259766 0.148611 0.00859375 0.0111111
0 0.0902344 0.334028 0.00859375 0.00972222
0 0.682031 0.0659722 0.0078125 0.0152778
0 0.674609 0.246528 0.00859375 0.0125
0 0.210547 0.602778 0.00859375 0.0111111
0 0.874609 0.215972 0.00859375 0.0125
0 0.864453 0.919444 0.0101562 0.0166667
0 0.869141 0.139583 0.00859375 0.0152778
0 0.322656 0.261806 0.0078125 0.0125
0 0.18125 0.0284722 0.0078125 0.0125
0 0.883984 0.0402778 0.00859375 0.0111111
0 0.807422 0.0347222 0.00703125 0.0111111
0 0.458984 0.193056 0.00703125 0.0111111
0 0.652734 0.459722 0.0101562 0.0166667
0 0.357422 0.602778 0.00859375 0.0138889
0 0.503906 0.334722 0.0078125 0.0111111
0 0.824219 0.545833 0.0078125 0.0166667
0 0.204688 0.384722 0.0078125 0.0111111
0 0.815234 0.227083 0.00859375 0.0125
0 0.784375 0.463194 0.0078125 0.0125
0 0.821484 0.277083 0.00859375 0.0125
0 0.476562 0.711111 0.009375 0.0138889
0 0.455078 0.224306 0.00703125 0.0125
0 0.875781 0.934722 0.009375 0.0138889
0 0.271094 0.0986111 0.0078125 0.0111111
0 0.967969 0.616667 0.009375 0.0138889
0 0.570312 0.619444 0.009375 0.0138889
0 0.592578 0.272917 0.0101562 0.0125
0 0.442187 0.973611 0.0078125 0.0111111
0 0.825781 0.932639 0.009375 0.0152778
0 0.196484 0.169444 0.00859375 0.0111111
0 0.604297 0.127778 0.00859375 0.0138889
0 0.664453 0.475 0.00859375 0.0166667
0 0.448047 0.675694 0.00703125 0.0125
0 0.441406 0.240972 0.0078125 0.0125
0 0.906641 0.400694 0.00859375 0.0125
0 0.235156 0.668056 0.0078125 0.0111111
0 0.371094 0.59375 0.0078125 0.0125
0 0.980469 0.166667 0.0078125 0.0138889
0 0.574609 0.936806 0.00859375 0.0152778
0 0.322266 0.61875 0.00859375 0.0125
0 0.486328 0.0381944 0.00859375 0.0125
0 0.459375 0.149306 0.0078125 0.0125
0 0.522656 0.116667 0.009375 0.0138889
0 0.887891 0.44375 0.00859375 0.0125
0 0.333594 0.240278 0.0078125 0.0138889
0 0.572656 0.463889 0.009375 0.0138889
0 0.284375 0.761806 0.0078125 0.0125
0 0.174609 0.310417 0.00859375 0.0125
0 0.244141 0.230556 0.00859375 0.0111111
0 0.407422 0.73125 0.00859375 0.0125
0 0.455859 0.723611 0.00859375 0.0138889
0 0.658984 0.415972 0.00859375 0.0152778
0 0.869141 0.805556 0.0101562 0.0138889
0 0.640625 0.157639 0.0078125 0.0125
0 0.723047 0.861111 0.00859375 0.0138889
0 0.861328 0.3625 0.00859375 0.0138889
0 0.54375 0.675694 0.009375 0.0152778
0 0.825391 0.382639 0.00859375 0.0152778
0 0.588281 0.349306 0.0078125 0.0125
0 0.477344 0.372222 0.0078125 0.0138889
0 0.270312 0.472222 0.009375 0.0166667
0 0.812891 0.595833 0.00859375 0.0138889
