0 0.372266 0.363194 0.00859375 0.0125
0 0.146094 0.395139 0.0078125 0.0125
0 0.499219 0.240972 0.009375 0.0152778
0 0.406641 0.404861 0.00859375 0.0125
0 0.719922 0.0166667 0.00859375 0.0111111
0 0.509375 0.235417 0.0078125 0.0125
0 0.405078 0.397222 0.00859375 0.0138889
0 0.709375 0.122222 0.0078125 0.0111111
0 0.942578 0.548611 0.00859375 0.0138889
0 0.15 0.0659722 0.0078125 0.00972222
0 0.139453 0.481944 0.00859375 0.0111111
0 0.361719 0.15625 0.0078125 0.0125
0 0.871094 0.911111 0.0078125 0.0138889
0 0.348437 0.2375 0.0078125 0.0111111
0 0.383984 0.107639 0.00859375 0.0125
0 0.456641 0.00833333 0.00859375 0.0111111
0 0.225391 0.188889 0.00703125 0.0111111
0 0.976953 0.0597222 0.00859375 0.0138889
0 0.970703 0.140278 0.00859375 0.0138889
0 0.748828 0.161111 0.0101562 0.0138889
0 0.496484 0.468056 0.00859375 0.0111111
0 0.394531 0.871528 0.0078125 0.0125
0 0.584375 0.797222 0.0078125 0.0138889
0 0.432813 0.0506944 0.009375 0.0125
0 0.271094 0.284722 0.0078125 0.0111111
0 0.812891 0.830556 0.00859375 0.0138889
0 0.1625 0.08125 0.0078125 0.0125
0 0.872266 0.193056 0.0101562 0.0138889
0 0.422656 0.452083 0.0078125 0.0125
0 0.197266 0.343056 0.00859375 0.0111111
0 0.882031 0.989583 0.0078125 0.0125
0 0.409375 0.851389 0.0078125 0.0111111
0 0.207422 0.109722 0.00703125 0.0111111
0 0.324609 0.826389 0.00859375 0.0111111
0 0.850781 0.0465278 0.0078125 0.0125
0 0.677344 0.0798611 0.0078125 0.0125
0 0.330469 0.256944 0.009375 0.0138889
0 0.666406 0.359028 0.009375 0.0152778
0 0.307031 0.770833 0.0078125 0.0111111
0 0.996094 0.805556 0.0078125 0.0166667
0 0.496875 0.247917 0.0078125 0.0125
0 0.258984 0.246528 0.00859375 0.0125
0 0.580469 0.775694 0.0078125 0.0125
0 0.4375 0.140972 0.0078125 0.0125
0 0.410937 0.356944 0.0078125 0.0138889
0 0.684766 0.365972 0.00859375 0.0125
0 0.616797 0.303472 0.00859375 0.0125
0 0.356641 0.4625 0.00859375 0.0138889
0 0.75 0.918056 0.009375 0.0138889
0 0.669141 0.841667 0.00859375 0.0138889
0 0.873438 0.741667 0.009375 0.0138889
0 0.557813 0.41875 0.0078125 0.0125
0 0.741797 0.221528 0.00859375 0.0125
0 0.952734 0.2875 0.00859375 0.0111111
0 0.482812 0.728472 0.0078125 0.0125
0 0.435937 0.659028 0.0078125 0.0125
0 0.966016 0.65 0.00859375 0.0138889
0 0.716406 0.434028 0.0078125 0.0125
0 0.681641 0.952083 0.00859375 0.0125
0 0.523438 0.709028 0.0078125 0.0125
0 0.589844 0.451389 0.0078125 0.0111111
0 0.6875 0.51875 0.0078125 0.0125
0 0.976562 0.353472 0.0078125 0.0125
0 0.361328 0.661806 0.00859375 0.0125
0 0.921484 0.711806 0.00859375 0.0125
0 0.742188 0.649306 0.0078125 0.0125
0 0.8 0.615278 0.009375 0.0138889
0 0.584766 0.695139 0.00859375 0.0125
