0 0.949609 0.208333 0.0101562 0.0138889
0 0.844922 0.53125 0.00859375 0.0125
0 0.648438 0.588889 0.0078125 0.0138889
0 0.901563 0.0180556 0.0078125 0.0111111
0 0.631641 0.661806 0.00859375 0.0125
0 0.636719 0.577778 0.0109375 0.0166667
0 0.103906 0.00555556 0.0078125 0.0111111
0 0.0527344 0.454167 0.00703125 0.0111111
0 0.585938 0.218056 0.0078125 0.0111111
0 0.0765625 0.460417 0.0078125 0.00972222
0 0.970703 0.6375 0.00703125 0.0138889
0 0.946875 0.204167 0.009375 0.0166667
0 0.341406 0.0118056 0.0078125 0.00972222
0 0.852344 0.611806 0.009375 0.0125
0 0.284766 0.221528 0.00859375 0.0125
0 0.422656 0.0854167 0.0078125 0.0152778
0 0.0511719 0.520833 0.00703125 0.0111111
0 0.741016 0.385417 0.00859375 0.0125
0 0.323047 0.910417 0.00703125 0.0125
0 0.744531 0.41875 0.0078125 0.0125
0 0.951953 0.211806 0.00859375 0.0125
0 0.442578 0.0194444 0.00859375 0.0111111
0 0.557031 0.0152778 0.0078125 0.0111111
0 0.550391 0.538194 0.00859375 0.0125
0 0.109766 0.919444 0.00859375 0.0111111
0 0.477734 0.130556 0.00859375 0.0111111
0 0.838672 0.961111 0.00703125 0.0111111
0 0.633594 0.570139 0.009375 0.0180556
0 0.899609 0.891667 0.00859375 0.0166667
0 0.725 0.0847222 0.0078125 0.0138889
0 0.143359 0.336806 0.00703125 0.00972222
0 0.497266 0.102778 0.00859375 0.0111111
0 0.164844 0.527778 0.0078125 0.0111111
0 0.696875 0.659028 0.009375 0.0180556
0 0.879297 0.125 0.00859375 0.0111111
0 0.720312 0.0513889 0.0078125 0.0111111
0 0.30625 0.0604167 0.0078125 0.0125
0 0.10625 0.674306 0.0078125 0.0125
0 0.803125 0.145833 0.0078125 0.0111111
0 0.79375 0.04375 0.0078125 0.0125
0 0.767187 0.333333 0.0078125 0.0111111
0 0.326172 0.286111 0.00859375 0.0111111
0 0.189063 0.200694 0.0078125 0.0125
0 0.983984 0.54375 0.00859375 0.0125
0 0.884375 0.898611 0.009375 0.0138889
0 0.307422 0.403472 0.00859375 0.0125
0 0.485156 0.967361 0.0078125 0.0125
0 0.612891 0.664583 0.00859375 0.0125
0 0.325781 0.464583 0.0078125 0.0125
0 0.965625 0.145139 0.0078125 0.0125
0 0.4 0.51875 0.0078125 0.0125
0 0.635156 0.974306 0.0078125 0.0125
0 0.891406 0.965278 0.0078125 0.0111111
0 0.401172 0.343056 0.00859375 0.0111111
0 0.341797 0.461111 0.00703125 0.0111111
0 0.830078 0.652083 0.00859375 0.0125
0 0.493359 0.544444 0.00859375 0.0138889
0 0.967188 0.51875 0.009375 0.0125
0 0.408203 0.247917 0.00859375 0.0125
0 0.602344 0.245833 0.0078125 0.0138889
0 0.742188 0.446528 0.0078125 0.0125
0 0.182422 0.624306 0.00859375 0.0125
0 0.507031 0.628472 0.009375 0.0125
0 0.990234 0.969444 0.00859375 0.0138889
0 0.121484 0.548611 0.00703125 0.0111111
0 0.209375 0.811111 0.0078125 0.0138889
0 0.191406 0.33125 0.0078125 0.0125
0 0.5375 0.419444 0.0078125 0.0111111
0 0.689453 0.585417 0.00859375 0.0125
0 0.684375 0.530556 0.009375 0.0138889
0 0.838281 0.892361 0.0078125 0.0125
0 0.673828 0.467361 0.00859375 0.0125
0 0.417188 0.663194 0.0078125 0.0125
0 0.205859 0.852083 0.00859375 0.0125
0 0.529688 0.786111 0.0078125 0.0111111
0 0.302344 0.682639 0.0078125 0.0125
0 0.419531 0.20625 0.0078125 0.0125
0 0.420312 0.527083 0.0078125 0.0125
0 0.841016 0.240278 0.00859375 0.0138889
0 0.414062 0.952778 0.0078125 0.0138889
0 0.517578 0.836111 0.00859375 0.0138889
0 0.641406 0.706944 0.0078125 0.0138889
0 0.647266 0.328472 0.00859375 0.0125
0 0.292188 0.8 0.0078125 0.0111111
0 0.476172 0.813194 0.00859375 0.0125
0 0.434766 0.25 0.00859375 0.0138889
0 0.766016 0.610417 0.00859375 0.0125
0 0.399219 0.684028 0.0078125 0.0125
0 0.331641 0.83125 0.00859375 0.0125
0 0.958203 0.835417 0.00859375 0.0125
0 0.942187 0.757639 0.0078125 0.0125
0 0.652734 0.636806 0.00859375 0.0125
0 0.352344 0.264583 0.0078125 0.0125
0 0.610547 0.152083 0.00859375 0.0125
