0 0.0757812 0.496528 0.0078125 0.00972222
0 0.931641 0.540972 0.0101562 0.0152778
0 0.588672 0.833333 0.00703125 0.0111111
0 0.283594 0.00625 0.0078125 0.00972222
0 0.280469 0.05 0.0078125 0.0111111
0 0.432422 0.651389 0.00859375 0.0138889
0 0.286719 0.296528 0.0078125 0.0125
0 0.948047 0.1 0.0101562 0.0138889
0 0.287109 0.9 0.00859375 0.0111111
0 0.172656 0.491667 0.0078125 0.0111111
0 0.379297 0.561806 0.00859375 0.00972222
0 0.326172 0.851389 0.00703125 0.0111111
0 0.140234 0.1875 0.00703125 0.0111111
0 0.142188 0.259722 0.0078125 0.0111111
0 0.201562 0.463889 0.0078125 0.0111111
0 0.423047 0.670139 0.00859375 0.0125
0 0.209375 0.624306 0.009375 0.0125
0 0.226172 0.291667 0.00859375 0.0111111
0 0.15625 0.130556 0.0078125 0.0111111
0 0.639453 0.342361 0.0101562 0.0125
0 0.124219 0.397917 0.0078125 0.0125
0 0.665234 0.13125 0.0101562 0.0180556
0 0.351172 0.521528 0.00859375 0.00972222
0 0.307813 0.598611 0.0078125 0.0111111
0 0.666797 0.136111 0.00859375 0.0138889
0 0.233203 0.466667 0.00859375 0.0111111
0 0.424609 0.964583 0.00859375 0.0125
0 0.235547 0.178472 0.00859375 0.0125
0 0.371094 0.354167 0.0078125 0.0111111
0 0.305078 0.602083 0.00859375 0.0125
0 0.247266 0.408333 0.00703125 0.0111111
0 0.498828 0.0229167 0.00859375 0.0125
0 0.521094 0.805556 0.009375 0.0111111
0 0.110937 0.238194 0.0078125 0.0125
0 0.232031 0.609722 0.0078125 0.0111111
0 0.839844 0.986806 0.009375 0.0125
0 0.836719 0.515972 0.009375 0.0125
0 0.423047 0.629861 0.00859375 0.0125
0 0.365234 0.595139 0.00859375 0.0125
0 0.591406 0.582639 0.0078125 0.0125
0 0.252344 0.325694 0.0078125 0.0125
0 0.385156 0.351389 0.0078125 0.0111111
0 0.356641 0.341667 0.00859375 0.0111111
0 0.588281 0.983333 0.0078125 0.0111111
0 0.676562 0.0888889 0.009375 0.0138889
0 0.458594 0.0291667 0.0078125 0.0111111
0 0.366406 0.541667 0.0078125 0.0111111
0 0.391406 0.854167 0.0078125 0.0111111
0 0.599609 0.922917 0.00859375 0.0125
0 0.568359 0.575 0.0101562 0.0138889
0 0.501172 0.804861 0.00859375 0.0125
0 0.240625 0.256944 0.0078125 0.0111111
0 0.503516 0.625 0.00859375 0.0111111
0 0.539453 0.779861 0.00859375 0.0125
0 0.866016 0.0986111 0.00859375 0.0138889
0 0.455469 0.905556 0.0078125 0.0111111
0 0.582422 0.381944 0.00859375 0.0138889
0 0.810156 0.123611 0.0078125 0.0138889
0 0.762109 0.563889 0.00859375 0.0138889
0 0.553125 0.326389 0.0078125 0.0111111
0 0.725391 0.763194 0.00859375 0.0125
0 0.482031 0.274306 0.0078125 0.0125
0 0.533984 0.285417 0.00859375 0.0125
0 0.917188 0.7 0.009375 0.0166667
0 0.288281 0.415278 0.0078125 0.0111111
0 0.588672 0.501389 0.00859375 0.0111111
0 0.286328 0.217361 0.00859375 0.0125
0 0.926172 0.911111 0.00859375 0.0138889
0 0.185156 0.733333 0.0109375 0.0138889
0 0.776953 0.546528 0.00859375 0.0125
0 0.540234 0.833333 0.00703125 0.0111111
0 0.825781 0.227778 0.009375 0.0138889
0 0.773828 0.150694 0.00859375 0.0125
0 0.677344 0.834722 0.009375 0.0138889
0 0.767578 0.790972 0.00859375 0.0125
0 0.879297 0.686806 0.00859375 0.0125
0 0.989844 0.598611 0.009375 0.0138889
