0 0.332031 0.877083 0.0078125 0.0125
0 0.701172 0.450694 0.0101562 0.0152778
0 0.00351562 0.458333 0.00546875 0.0138889
0 0.10625 0.760417 0.0078125 0.00972222
0 0.608984 0.0513889 0.00859375 0.0138889
0 0.423828 0.69375 0.00859375 0.0125
0 0.792578 0.194444 0.00859375 0.0194444
0 0.0277344 0.727778 0.00859375 0.0111111
0 0.755078 0.756944 0.00703125 0.0111111
0 0.992188 0.718056 0.009375 0.0166667
0 0.794531 0.189583 0.009375 0.0180556
0 0.608203 0.890278 0.00703125 0.0138889
0 0.119922 0.400694 0.00859375 0.0125
0 0.613672 0.859722 0.00703125 0.0111111
0 0.882812 0.588889 0.009375 0.0166667
0 0.148828 0.622222 0.00703125 0.0111111
0 0.0359375 0.268056 0.0078125 0.0111111
0 0.673047 0.984028 0.00703125 0.0125
0 0.210938 0.113194 0.0078125 0.0125
0 0.0894531 0.0541667 0.00703125 0.0111111
0 0.05625 0.364583 0.009375 0.0125
0 0.166797 0.0416667 0.00703125 0.0111111
0 0.589453 0.357639 0.00703125 0.0125
0 0.359375 0.764583 0.0078125 0.0125
0 0.951172 0.0104167 0.00859375 0.0125
0 0.749219 0.729861 0.0078125 0.0125
0 0.130859 0.0888889 0.00703125 0.0111111
0 0.952344 0.570833 0.009375 0.0111111
0 0.975781 0.544444 0.009375 0.0138889
0 0.573828 0.855556 0.00859375 0.0194444
0 0.532422 0.811111 0.00859375 0.0138889
0 0.227734 0.415278 0.00859375 0.0111111
0 0.575391 0.895139 0.00859375 0.0180556
0 0.526172 0.334722 0.0101562 0.0166667
0 0.671875 0.145833 0.009375 0.0111111
0 0.439453 0.928472 0.00859375 0.0125
0 0.276563 0.66875 0.009375 0.0125
0 0.580078 0.645833 0.00859375 0.0138889
0 0.623828 0.833333 0.00859375 0.0138889
0 0.765234 0.956944 0.00859375 0.0138889
0 0.172266 0.361806 0.00859375 0.0125
0 0.898828 0.311111 0.00859375 0.0138889
0 0.647266 0.324306 0.00859375 0.0152778
0 0.278906 0.161806 0.0078125 0.0125
0 0.678906 0.804861 0.0078125 0.0125
0 0.629687 0.0166667 0.0078125 0.0111111
0 0.0664062 0.426389 0.0078125 0.0111111
0 0.639844 0.347917 0.0078125 0.0125
0 0.352344 0.231944 0.0078125 0.0111111
0 0.305078 0.152083 0.00859375 0.0125
0 0.462109 0.138889 0.00859375 0.0138889
0 0.950781 0.78125 0.0078125 0.0125
0 0.141797 0.231944 0.00703125 0.0111111
0 0.236719 0.847917 0.0078125 0.0125
0 0.25 0.316667 0.0078125 0.0138889
0 0.414844 0.929861 0.0078125 0.0125
0 0.773047 0.930556 0.00859375 0.0138889
0 0.310937 0.204167 0.0078125 0.0111111
0 0.170312 0.54375 0.0078125 0.0125
0 0.339844 0.804167 0.0078125 0.0138889
0 0.578516 0.786111 0.00703125 0.0138889
0 0.374609 0.490278 0.00703125 0.0111111
0 0.217578 0.186806 0.00859375 0.0125
0 0.597266 0.65 0.00859375 0.0138889
0 0.782422 0.246528 0.00859375 0.0125
0 0.960938 0.157639 0.0078125 0.0125
0 0.979297 0.0965278 0.00859375 0.0125
0 0.746484 0.9125 0.00859375 0.0138889
0 0.345313 0.2625 0.0078125 0.0111111
0 0.0371094 0.593056 0.00859375 0.0111111
0 0.841016 0.348611 0.00859375 0.0138889
0 0.223438 0.486806 0.0078125 0.0125
0 0.640234 0.281944 0.00859375 0.0138889
0 0.738281 0.838194 0.0078125 0.0125
0 0.949609 0.696528 0.00859375 0.0125
0 0.578125 0.31875 0.0078125 0.0125
0 0.907422 0.8625 0.00859375 0.0138889
0 0.915234 0.319444 0.00859375 0.0138889
0 0.335547 0.343056 0.00859375 0.0138889
0 0.408594 0.336806 0.0078125 0.0125
0 0.460938 0.529167 0.0078125 0.0111111
0 0.842188 0.916667 0.0078125 0.0138889
