0 0.640625 0.645833 0.0078125 0.0111111
0 0.537109 0.53125 0.0101562 0.0152778
0 0.169141 0.189583 0.00859375 0.0152778
0 0.421484 0.384028 0.00859375 0.0125
0 0.169922 0.182639 0.00859375 0.0125
0 0.0832031 0.589583 0.00859375 0.00972222
0 0.535156 0.0555556 0.0078125 0.0111111
0 0.425781 0.55 0.0078125 0.0138889
0 0.210938 0.295139 0.009375 0.0152778
0 0.533594 0.529861 0.009375 0.0125
0 0.294141 0.776389 0.00859375 0.0111111
0 0.201562 0.820833 0.0078125 0.0111111
0 0.213281 0.445833 0.009375 0.0111111
0 0.179297 0.0798611 0.00703125 0.0125
0 0.711328 0.776389 0.00859375 0.0138889
0 0.542969 0.535417 0.0078125 0.0125
0 0.598047 0.0493056 0.0101562 0.0152778
0 0.178125 0.0527778 0.0078125 0.0138889
0 0.125 0.205556 0.0078125 0.0111111
0 0.832422 0.197917 0.00859375 0.0152778
0 0.951953 0.709722 0.00859375 0.0138889
0 0.891016 0.293056 0.00703125 0.0138889
0 0.319141 0.268056 0.00859375 0.0111111
0 0.744531 0.0409722 0.0078125 0.0125
0 0.308203 0.672222 0.0101562 0.0111111
0 0.766016 0.616667 0.00859375 0.0138889
0 0.228516 0.784028 0.00703125 0.00972222
0 0.192969 0.109722 0.0078125 0.0111111
0 0.338672 0.18125 0.00703125 0.0125
0 0.774219 0.240972 0.0078125 0.0125
0 0.211328 0.631944 0.00859375 0.0111111
0 0.201172 0.0326389 0.00859375 0.0125
0 0.608984 0.416667 0.00859375 0.0138889
0 0.427734 0.0756944 0.00703125 0.0125
0 0.232422 0.136806 0.00859375 0.0125
0 0.365625 0.0388889 0.0078125 0.0111111
0 0.887109 0.0375 0.00859375 0.0111111
0 0.445703 0.940972 0.00859375 0.0125
0 0.528125 0.109722 0.0078125 0.0111111
0 0.582031 0.413194 0.0078125 0.0125
0 0.564844 0.286806 0.009375 0.0125
0 0.502344 0.435417 0.009375 0.0125
0 0.666016 0.838194 0.00859375 0.0125
0 0.871484 0.303472 0.00859375 0.0125
0 0.449219 0.422222 0.0078125 0.0111111
0 0.987109 0.304167 0.00859375 0.0111111
0 0.379687 0.763889 0.0078125 0.0111111
0 0.483594 0.116667 0.0078125 0.0111111
0 0.328516 0.208333 0.00859375 0.0111111
0 0.375 0.242361 0.0078125 0.0125
0 0.707031 0.229167 0.009375 0.0138889
0 0.601953 0.622917 0.00859375 0.0125
0 0.860937 0.381944 0.009375 0.0138889
0 0.929297 0.284028 0.00859375 0.0125
0 0.679297 0.527083 0.00859375 0.0125
0 0.801562 0.633333 0.0109375 0.0194444
0 0.449609 0.574306 0.00859375 0.0125
0 0.535156 0.602083 0.0078125 0.0125
0 0.990234 0.450694 0.00859375 0.0125
0 0.622656 0.376389 0.009375 0.0138889
0 0.470313 0.425694 0.009375 0.0125
0 0.407422 0.286806 0.00859375 0.0125
0 0.959766 0.580556 0.00859375 0.0138889
0 0.545703 0.348611 0.00859375 0.0138889
0 0.767187 0.525 0.0078125 0.0111111
0 0.725391 0.836111 0.00859375 0.0111111
0 0.684766 0.4625 0.00859375 0.0138889
0 0.663672 0.684028 0.00859375 0.0125
0 0.861719 0.716667 0.009375 0.0138889
