0 0.157813 0.833333 0.0078125 0.0111111
0 0.646875 0.204861 0.0078125 0.00972222
0 0.453906 0.122222 0.0078125 0.0111111
0 0.944922 0.202778 0.00859375 0.0111111
0 0.113281 0.0416667 0.0078125 0.0111111
0 0.714063 0.619444 0.0078125 0.0111111
0 0.655078 0.925694 0.00859375 0.0125
0 0.408594 0.390278 0.009375 0.0138889
0 0.0351562 0.852083 0.009375 0.0125
0 0.0359375 0.467361 0.0078125 0.0125
0 0.810156 0.817361 0.0078125 0.0125
0 0.548437 0.379861 0.009375 0.0152778
0 0.924609 0.115278 0.0101562 0.0138889
0 0.0105469 0.170139 0.00703125 0.0125
0 0.964453 0.515278 0.0101562 0.0138889
0 0.586719 0.218056 0.009375 0.0166667
0 0.952344 0.232639 0.0078125 0.0125
0 0.657031 0.192361 0.0078125 0.0125
0 0.204688 0.025 0.0078125 0.0111111
0 0.248047 0.94375 0.00703125 0.0125
0 0.6875 0.968056 0.009375 0.0138889
0 0.217187 0.892361 0.0078125 0.0125
0 0.599219 0.95625 0.009375 0.0125
0 0.03125 0.270833 0.0078125 0.0111111
0 0.193359 0.473611 0.00859375 0.0138889
0 0.754687 0.852083 0.0078125 0.0125
0 0.945703 0.488889 0.00859375 0.0138889
0 0.25 0.915972 0.0078125 0.0125
0 0.938281 0.928472 0.0078125 0.0125
0 0.408984 0.8625 0.00859375 0.0138889
0 0.655859 0.905556 0.00859375 0.0138889
0 0.808594 0.840278 0.009375 0.0138889
0 0.912891 0.0208333 0.00859375 0.0111111
0 0.748828 0.463194 0.0101562 0.0152778
0 0.882422 0.817361 0.00859375 0.0125
0 0.2125 0.653472 0.0078125 0.0125
0 0.709766 0.958333 0.00859375 0.0138889
0 0.262891 0.376389 0.00859375 0.0138889
0 0.274609 0.0826389 0.00859375 0.0125
0 0.728125 0.616667 0.0078125 0.0111111
0 0.394141 0.315278 0.00859375 0.0111111
0 0.503125 0.584028 0.009375 0.0125
0 0.241797 0.886111 0.00859375 0.0138889
0 0.422656 0.0993056 0.0078125 0.0125
0 0.939844 0.561111 0.0078125 0.0111111
0 0.621484 0.689583 0.00859375 0.0125
0 0.727344 0.143056 0.0078125 0.0111111
0 0.75 0.65 0.0078125 0.0111111
0 0.801172 0.447917 0.00859375 0.0125
0 0.707812 0.2875 0.0078125 0.0111111
0 0.778906 0.303472 0.0078125 0.0125
0 0.444141 0.583333 0.00859375 0.0111111
0 0.078125 0.349306 0.0078125 0.0125
0 0.455078 0.774306 0.00859375 0.0125
0 0.227344 0.834722 0.0078125 0.0111111
0 0.164062 0.754861 0.0078125 0.0125
0 0.917188 0.345833 0.0078125 0.0111111
0 0.966016 0.58125 0.00859375 0.0125
0 0.780078 0.336111 0.00859375 0.0138889
0 0.651953 0.734722 0.00859375 0.0138889
0 0.455469 0.263194 0.0078125 0.0125
0 0.710938 0.651389 0.0078125 0.0138889
0 0.530859 0.799306 0.00859375 0.0125
0 0.795313 0.1375 0.0109375 0.0138889
0 0.439063 0.325694 0.0078125 0.0125
0 0.225391 0.863194 0.00859375 0.0125
0 0.664844 0.663889 0.0078125 0.0111111
0 0.925391 0.641667 0.00859375 0.0111111
0 0.508203 0.834028 0.00859375 0.0125
0 0.279297 0.332639 0.00859375 0.0125
0 0.310547 0.327083 0.00859375 0.0125
0 0.740234 0.523611 0.00859375 0.0111111
0 0.175 0.597222 0.0078125 0.0111111
0 0.340234 0.879861 0.00859375 0.0125
0 0.458203 0.575694 0.00859375 0.0125
0 0.389453 0.159028 0.00859375 0.0152778
0 0.810547 0.272917 0.00859375 0.0125
0 0.960547 0.363889 0.0101562 0.0138889
0 0.107422 0.436806 0.00859375 0.0125
0 0.947656 0.877778 0.009375 0.0138889
0 0.208594 0.31875 0.0078125 0.0125
0 0.034375 0.51875 0.0078125 0.0125
0 0.310547 0.613194 0.00859375 0.0125
0 0.232422 0.647222 0.00859375 0.0111111
0 0.569922 0.710417 0.00859375 0.0125
0 0.619922 0.345139 0.00859375 0.0125
0 0.850781 0.325694 0.009375 0.0125
0 0.742578 0.13125 0.00859375 0.0125
0 0.821875 0.538889 0.009375 0.0138889
0 0.885156 0.495833 0.0078125 0.0138889
0 0.598437 0.534028 0.009375 0.0152778
0 0.891016 0.577778 0.00859375 0.0138889
0 0.716406 0.800694 0.0078125 0.0125
