0 0.119531 0.374306 0.0078125 0.0125
0 0.259766 0.0284722 0.00703125 0.0125
0 0.478516 0.815278 0.00859375 0.0138889
0 0.126563 0.0131944 0.009375 0.0125
0 0.119922 0.366667 0.00859375 0.0138889
0 0.0308594 0.183333 0.00859375 0.0111111
0 0.610547 0.0388889 0.00859375 0.0111111
0 0.121094 0.359722 0.0078125 0.0111111
0 0.994922 0.674306 0.00703125 0.0125
0 0.0699219 0.110417 0.00703125 0.00972222
0 0.585547 0.738889 0.00859375 0.0138889
0 0.529688 0.252083 0.009375 0.0125
0 0.835156 0.0111111 0.0078125 0.0111111
0 0.0480469 0.0958333 0.00703125 0.0111111
0 0.2875 0.0909722 0.0078125 0.0125
0 0.611328 0.818056 0.00859375 0.0138889
0 0.151953 0.638889 0.00703125 0.0111111
0 0.251563 0.133333 0.0078125 0.0111111
0 0.165625 0.810417 0.0078125 0.0125
0 0.935938 0.360417 0.0078125 0.0125
0 0.177734 0.0152778 0.00859375 0.0111111
0 0.7375 0.511806 0.0078125 0.0125
0 0.105469 0.482639 0.0078125 0.00972222
0 0.176563 0.685417 0.0078125 0.0125
0 0.851953 0.340972 0.00703125 0.00972222
0 0.702734 0.810417 0.00859375 0.0125
0 0.886328 0.53125 0.00859375 0.0125
0 0.471875 0.0520833 0.0078125 0.0125
0 0.705078 0.696528 0.00859375 0.0125
0 0.880469 0.0194444 0.0078125 0.0111111
0 0.247266 0.00694444 0.00859375 0.0111111
0 0.382812 0.134722 0.009375 0.0138889
0 0.684375 0.113889 0.0078125 0.0111111
0 0.907031 0.188889 0.0078125 0.0111111
0 0.0410156 0.425 0.00703125 0.0111111
0 0.900391 0.0472222 0.00703125 0.0111111
0 0.205469 0.807639 0.0078125 0.00972222
0 0.442578 0.410417 0.00859375 0.0125
0 0.03125 0.3625 0.0078125 0.0111111
0 0.508203 0.0423611 0.00859375 0.0125
0 0.803125 0.838194 0.0078125 0.0125
0 0.258984 0.635417 0.00859375 0.0125
0 0.985937 0.124306 0.0078125 0.0125
0 0.607031 0.640972 0.009375 0.0125
0 0.927734 0.988889 0.00859375 0.0111111
0 0.873828 0.970833 0.00703125 0.0111111
0 0.516406 0.321528 0.009375 0.0125
0 0.899219 0.922222 0.0078125 0.0111111
0 0.857813 0.365972 0.0078125 0.0125
0 0.795703 0.1125 0.00703125 0.0111111
0 0.244922 0.850694 0.00859375 0.0125
0 0.834375 0.472222 0.0078125 0.0138889
0 0.978906 0.759722 0.0078125 0.0138889
0 0.125 0.602778 0.0078125 0.0111111
0 0.255469 0.338889 0.0078125 0.0111111
0 0.293359 0.93125 0.00859375 0.0125
0 0.758594 0.0576389 0.0078125 0.0125
0 0.567969 0.653472 0.0078125 0.0125
0 0.302734 0.350694 0.0101562 0.0125
0 0.403906 0.516667 0.0078125 0.0111111
0 0.296094 0.636806 0.009375 0.0125
0 0.938281 0.886111 0.0078125 0.0111111
0 0.149219 0.421528 0.0078125 0.0125
0 0.968359 0.4 0.00859375 0.0111111
0 0.788672 0.879861 0.00859375 0.0125
0 0.625 0.136806 0.0078125 0.0125
0 0.264062 0.194444 0.0078125 0.0111111
0 0.0789063 0.484028 0.0078125 0.0125
0 0.189844 0.398611 0.0078125 0.0111111
0 0.185547 0.814583 0.00859375 0.00972222
0 0.501953 0.863194 0.00859375 0.0125
0 0.964063 0.624306 0.0078125 0.0125
0 0.492188 0.726389 0.0078125 0.0111111
0 0.0851562 0.598611 0.009375 0.0138889
0 0.572656 0.71875 0.0078125 0.0125
0 0.954687 0.527083 0.0078125 0.0125
0 0.524219 0.742361 0.0078125 0.0125
0 0.659766 0.543056 0.00859375 0.0138889
0 0.960156 0.453472 0.0078125 0.0125
0 0.912891 0.339583 0.00859375 0.0125
0 0.467187 0.741667 0.0078125 0.0111111
0 0.789062 0.475 0.0078125 0.0111111
0 0.488672 0.9125 0.00859375 0.0138889
0 0.584375 0.304167 0.0078125 0.0111111
0 0.761328 0.971528 0.00859375 0.0125
0 0.914062 0.471528 0.0078125 0.0125
0 0.505859 0.517361 0.00859375 0.0125
0 0.672656 0.461806 0.0078125 0.0125
0 0.466406 0.665278 0.0078125 0.0111111
0 0.840625 0.852778 0.0078125 0.0111111
0 0.934375 0.636111 0.009375 0.0138889
0 0.753125 0.679861 0.0078125 0.0125
0 0.585938 0.340972 0.009375 0.0152778
0 0.967578 0.221528 0.00859375 0.0125
0 0.308594 0.21875 0.0078125 0.0125
0 0.751953 0.828472 0.00859375 0.0125
