0 0.934375 0.151389 0.009375 0.0138889
0 0.298047 0.515278 0.0101562 0.0138889
0 0.0449219 0.683333 0.00703125 0.0111111
0 0.688672 0.365278 0.00859375 0.0138889
0 0.947266 0.159722 0.00859375 0.0166667
0 0.629687 0.428472 0.009375 0.0152778
0 0.0617188 0.496528 0.0078125 0.0125
0 0.409375 0.33125 0.009375 0.0152778
0 0.610156 0.124306 0.009375 0.0152778
0 0.1 0.945833 0.0078125 0.0111111
0 0.0148437 0.646528 0.00625 0.0125
0 0.507422 0.173611 0.0117188 0.0166667
0 0.675 0.3875 0.009375 0.0194444
0 0.968359 0.968056 0.0101562 0.0138889
0 0.145313 0.586111 0.0078125 0.0111111
0 0.1125 0.0138889 0.0078125 0.0111111
0 0.109375 0.304167 0.0078125 0.0111111
0 0.992969 0.969444 0.009375 0.0166667
0 0.238672 0.975694 0.00859375 0.0125
0 0.320312 0.939583 0.009375 0.0208333
0 0.202344 0.0861111 0.0078125 0.0111111
0 0.516016 0.159722 0.00859375 0.0166667
0 0.440234 0.726389 0.00859375 0.0138889
0 0.584375 0.215278 0.009375 0.0138889
0 0.407031 0.338194 0.009375 0.0152778
0 0.761719 0.00833333 0.009375 0.0138889
0 0.946875 0.279861 0.0078125 0.0152778
0 0.266797 0.270139 0.00703125 0.0125
0 0.775781 0.309722 0.009375 0.0138889
0 0.767578 0.324306 0.00859375 0.0152778
0 0.603516 0.435417 0.00859375 0.0152778
0 0.450391 0.514583 0.0101562 0.0180556
0 0.215234 0.161111 0.00703125 0.0111111
0 0.804688 0.661111 0.009375 0.0194444
0 0.0890625 0.323611 0.0078125 0.0111111
0 0.171094 0.361111 0.0078125 0.0111111
0 0.254687 0.299306 0.0078125 0.0125
0 0.547656 0.572917 0.009375 0.0180556
0 0.747266 0.123611 0.00859375 0.0138889
0 0.957031 0.0611111 0.0078125 0.0111111
0 0.94375 0.659028 0.009375 0.0152778
0 0.488281 0.713194 0.009375 0.0152778
0 0.490625 0.760417 0.009375 0.0180556
0 0.715234 0.142361 0.00859375 0.0152778
0 0.269141 0.495139 0.00859375 0.0125
0 0.591016 0.322917 0.00859375 0.0152778
0 0.297266 0.493056 0.00859375 0.0138889
0 0.883984 0.985417 0.0101562 0.0152778
0 0.390234 0.278472 0.00859375 0.0125
0 0.860156 0.348611 0.009375 0.0138889
0 0.621875 0.902778 0.009375 0.0166667
0 0.378125 0.633333 0.0078125 0.0138889
0 0.385938 0.566667 0.009375 0.0138889
0 0.869141 0.270833 0.00859375 0.0138889
0 0.84375 0.173611 0.009375 0.0166667
0 0.475391 0.31875 0.0101562 0.0152778
0 0.279687 0.821528 0.0078125 0.0125
0 0.394141 0.417361 0.00859375 0.0125
0 0.894531 0.860417 0.009375 0.0152778
0 0.503906 0.175 0.009375 0.0166667
0 0.703125 0.408333 0.009375 0.0138889
0 0.360156 0.247222 0.0078125 0.0138889
0 0.408984 0.749306 0.00859375 0.0152778
