0 0.648047 0.372917 0.00859375 0.0125
0 0.782031 0.319444 0.0078125 0.0138889
0 0.759766 0.807639 0.0101562 0.0125
0 0.00742187 0.565278 0.00859375 0.0138889
0 0.00507812 0.870833 0.00859375 0.0166667
0 0.117188 0.528472 0.0109375 0.0125
0 0.766406 0.0395833 0.0078125 0.0152778
0 0.602734 0.913194 0.00859375 0.0180556
0 0.549219 0.950694 0.0078125 0.0125
0 0.053125 0.300694 0.0078125 0.0125
0 0.874219 0.560417 0.0078125 0.0125
0 0.0621094 0.45 0.00859375 0.0111111
0 0.867188 0.0506944 0.0078125 0.00972222
0 0.971094 0.613194 0.009375 0.0125
0 0.110547 0.595139 0.00703125 0.0125
0 0.827344 0.928472 0.0078125 0.0125
0 0.0125 0.95625 0.0078125 0.0180556
0 0.478906 0.215278 0.0078125 0.0138889
0 0.107422 0.520833 0.00859375 0.0111111
0 0.168359 0.641667 0.0101562 0.0111111
0 0.830859 0.00972222 0.00859375 0.0111111
0 0.642578 0.189583 0.00859375 0.0180556
0 0.930078 0.769444 0.0101562 0.0111111
0 0.120703 0.53125 0.00859375 0.0125
0 0.220703 0.138889 0.00859375 0.0138889
0 0.215625 0.0444444 0.0078125 0.0111111
0 0.919141 0.767361 0.00859375 0.0125
0 0.201953 0.279861 0.00859375 0.0125
0 0.75 0.609028 0.0078125 0.0125
0 0.895312 0.716667 0.009375 0.0138889
0 0.176563 0.196528 0.0078125 0.0125
0 0.818359 0.927778 0.00859375 0.0138889
0 0.875391 0.0722222 0.00859375 0.0138889
0 0.447266 0.01875 0.00859375 0.0125
0 0.766406 0.807639 0.009375 0.0125
0 0.395312 0.189583 0.0078125 0.0125
0 0.759766 0.0909722 0.00859375 0.0125
0 0.996484 0.570139 0.00546875 0.0125
0 0.46875 0.379861 0.009375 0.0152778
0 0.780469 0.223611 0.0078125 0.0111111
0 0.730078 0.127778 0.00859375 0.0111111
0 0.578906 0.170139 0.009375 0.0125
0 0.691016 0.0854167 0.00859375 0.0125
0 0.151562 0.265278 0.0078125 0.0111111
0 0.260547 0.0166667 0.00859375 0.0166667
0 0.171875 0.113194 0.0078125 0.0125
0 0.889063 0.767361 0.0078125 0.0125
0 0.623828 0.561111 0.00859375 0.0138889
0 0.791797 0.920139 0.00703125 0.0125
0 0.972266 0.293056 0.00859375 0.0111111
0 0.835547 0.294444 0.00859375 0.0138889
0 0.627344 0.8875 0.0078125 0.0138889
0 0.460938 0.191667 0.009375 0.0138889
0 0.485547 0.510417 0.00859375 0.0152778
0 0.723828 0.214583 0.0101562 0.0125
0 0.352344 0.245139 0.0078125 0.0125
0 0.264062 0.0993056 0.009375 0.0152778
0 0.859766 0.975 0.00859375 0.0138889
0 0.40625 0.285417 0.0078125 0.0125
0 0.185937 0.379861 0.0078125 0.0125
0 0.857031 0.761111 0.0078125 0.0111111
0 0.204297 0.6625 0.00859375 0.0138889
0 0.533984 0.295833 0.00859375 0.0138889
0 0.414453 0.228472 0.00859375 0.0152778
0 0.991406 0.718056 0.009375 0.0138889
0 0.907812 0.358333 0.0078125 0.0111111
0 0.832812 0.386806 0.0078125 0.0125
0 0.695312 0.727083 0.0078125 0.0125
0 0.804688 0.115972 0.0078125 0.0125
0 0.744141 0.765972 0.00859375 0.0125
0 0.600781 0.9125 0.0078125 0.0111111
0 0.789453 0.273611 0.00703125 0.0111111
0 0.339453 0.411111 0.00859375 0.0138889
0 0.594141 0.3625 0.00859375 0.0138889
0 0.779297 0.361806 0.00703125 0.0125
0 0.485156 0.409722 0.0078125 0.0138889
0 0.632812 0.536806 0.0078125 0.0125
0 0.285937 0.552778 0.0078125 0.0138889
0 0.944922 0.518056 0.00859375 0.0111111
0 0.342187 0.577778 0.0078125 0.0138889
0 0.830469 0.707639 0.009375 0.0125
0 0.853125 0.443056 0.0078125 0.0111111
0 0.561328 0.659722 0.00859375 0.0111111
0 0.529297 0.664583 0.00859375 0.0125
