0 0.244141 0.247917 0.00859375 0.0125
0 0.481641 0.504167 0.0101562 0.0194444
0 0.996875 0.563194 0.00625 0.0152778
0 0.660937 0.0236111 0.0078125 0.0166667
0 0.0964844 0.726389 0.00703125 0.0111111
0 0.482812 0.489583 0.0078125 0.0125
0 0.851562 0.154167 0.0078125 0.0166667
0 0.0734375 0.488194 0.0078125 0.00972222
0 0.155078 0.665972 0.00703125 0.00972222
0 0.084375 0.0256944 0.0078125 0.0125
0 0.689453 0.0138889 0.00859375 0.0111111
0 0.259766 0.723611 0.00703125 0.0111111
0 0.0652344 0.448611 0.00703125 0.0111111
0 0.0820312 0.216667 0.0078125 0.0111111
0 0.480078 0.510417 0.0101562 0.0152778
0 0.687891 0.0368056 0.00703125 0.00972222
0 0.48125 0.3625 0.009375 0.0138889
0 0.388281 0.00972222 0.009375 0.0111111
0 0.782422 0.967361 0.00703125 0.0125
0 0.0972656 0.573611 0.00703125 0.0111111
0 0.171484 0.0125 0.00859375 0.0111111
0 0.339453 0.508333 0.00703125 0.0111111
0 0.0664062 0.304167 0.009375 0.0111111
0 0.362891 0.732639 0.00859375 0.0125
0 0.263672 0.485417 0.00703125 0.0125
0 0.922656 0.0104167 0.0078125 0.0125
0 0.843359 0.988889 0.00859375 0.0111111
0 0.535937 0.755556 0.009375 0.0138889
0 0.825 0.432639 0.0078125 0.0125
0 0.128125 0.480556 0.0078125 0.0111111
0 0.197656 0.103472 0.0078125 0.0125
0 0.540625 0.0590278 0.0078125 0.0125
0 0.16875 0.315278 0.0078125 0.0111111
0 0.141406 0.534722 0.0078125 0.0111111
0 0.289844 0.703472 0.0078125 0.00972222
0 0.789844 0.0784722 0.0078125 0.0125
0 0.260938 0.4625 0.0078125 0.0111111
0 0.177344 0.680556 0.0078125 0.0111111
0 0.291406 0.53125 0.0078125 0.0125
0 0.926172 0.670139 0.00859375 0.0125
0 0.984766 0.0465278 0.00859375 0.0152778
0 0.99375 0.7875 0.0078125 0.0111111
0 0.257031 0.111111 0.0078125 0.0111111
0 0.325391 0.802083 0.00859375 0.0125
0 0.244141 0.615278 0.00703125 0.0111111
0 0.508594 0.867361 0.0078125 0.0125
0 0.303906 0.543056 0.0078125 0.0111111
0 0.494531 0.104861 0.0078125 0.0125
0 0.617969 0.06875 0.0078125 0.0125
0 0.536719 0.289583 0.0078125 0.0125
0 0.363281 0.839583 0.0078125 0.0125
0 0.808594 0.192361 0.0078125 0.0125
0 0.302344 0.457639 0.0078125 0.0125
0 0.333594 0.115972 0.0078125 0.0125
0 0.920703 0.159028 0.00859375 0.0125
0 0.937891 0.195139 0.00859375 0.0125
0 0.627344 0.872222 0.0078125 0.0138889
0 0.862109 0.463889 0.00859375 0.0138889
0 0.60625 0.679167 0.009375 0.0138889
0 0.98125 0.972917 0.009375 0.0125
0 0.578516 0.164583 0.00859375 0.0125
0 0.680469 0.109028 0.0078125 0.0125
0 0.898828 0.823611 0.00859375 0.0138889
0 0.933203 0.31875 0.00859375 0.0152778
0 0.849609 0.693056 0.00859375 0.0138889
0 0.792188 0.154861 0.0078125 0.0125
0 0.367578 0.184028 0.00703125 0.0125
0 0.277344 0.329861 0.0078125 0.0125
0 0.585938 0.289583 0.0078125 0.0125
0 0.583984 0.93125 0.00859375 0.0152778
0 0.916797 0.636111 0.00859375 0.0138889
0 0.911328 0.217361 0.00859375 0.0125
0 0.711719 0.431944 0.009375 0.0138889
0 0.376172 0.36875 0.00859375 0.0125
0 0.542578 0.385417 0.00859375 0.0125
0 0.833203 0.347222 0.00859375 0.0138889
0 0.547266 0.523611 0.00859375 0.0138889
