0 0.446094 0.5 0.0109375 0.0138889
0 0.994922 0.0680556 0.00703125 0.0166667
0 0.360156 0.519444 0.009375 0.0138889
0 0.0144531 0.324306 0.00703125 0.0125
0 0.594141 0.28125 0.00859375 0.0125
0 0.103516 0.5125 0.00703125 0.0111111
0 0.215625 0.474306 0.0078125 0.0125
0 0.257812 0.579167 0.0078125 0.0111111
0 0.0644531 0.130556 0.00703125 0.0111111
0 0.0804688 0.483333 0.0078125 0.0111111
0 0.216016 0.502083 0.00703125 0.00972222
0 0.118359 0.880556 0.00703125 0.0111111
0 0.0917969 0.778472 0.00703125 0.00972222
0 0.358203 0.463194 0.00859375 0.0125
0 0.439453 0.495139 0.00859375 0.0125
0 0.203906 0.367361 0.0078125 0.0125
0 0.598047 0.113889 0.00859375 0.0111111
0 0.271484 0.322917 0.00859375 0.0125
0 0.144141 0.475 0.00703125 0.0111111
0 0.2375 0.0340278 0.0078125 0.0125
0 0.126563 0.617361 0.0109375 0.0125
0 0.667578 0.324306 0.0101562 0.0152778
0 0.953516 0.0916667 0.00859375 0.0138889
0 0.447656 0.0486111 0.0078125 0.0111111
0 0.312891 0.488194 0.00859375 0.0125
0 0.30625 0.667361 0.0078125 0.00972222
0 0.789062 0.513194 0.009375 0.0152778
0 0.309766 0.401389 0.00859375 0.0111111
0 0.303516 0.2625 0.00859375 0.0111111
0 0.0328125 0.249306 0.0078125 0.0125
0 0.258203 0.397222 0.00703125 0.0111111
0 0.164453 0.608333 0.00703125 0.0111111
0 0.441406 0.370833 0.0078125 0.0111111
0 0.311719 0.229861 0.009375 0.0125
0 0.214844 0.791667 0.0078125 0.0111111
0 0.323438 0.506944 0.009375 0.0138889
0 0.240234 0.738889 0.00703125 0.0111111
0 0.255078 0.475694 0.00703125 0.00972222
0 0.664453 0.540972 0.00859375 0.0152778
0 0.364453 0.208333 0.00859375 0.0111111
0 0.302734 0.320139 0.00703125 0.00972222
0 0.893359 0.973611 0.00859375 0.0138889
0 0.210547 0.0361111 0.00859375 0.0111111
0 0.448438 0.503472 0.0078125 0.0125
0 0.828906 0.160417 0.009375 0.0125
0 0.536719 0.606944 0.009375 0.0138889
0 0.236328 0.963194 0.00859375 0.0125
0 0.803906 0.722917 0.009375 0.0152778
0 0.300781 0.352778 0.0078125 0.0111111
0 0.232422 0.352778 0.00859375 0.0111111
0 0.635938 0.472917 0.0109375 0.0152778
0 0.962891 0.264583 0.00859375 0.0125
0 0.792969 0.352778 0.009375 0.0138889
0 0.407031 0.152083 0.0078125 0.0125
0 0.785156 0.45625 0.009375 0.0125
0 0.444922 0.415972 0.00859375 0.0125
0 0.992188 0.459028 0.0078125 0.0125
0 0.471875 0.888194 0.0078125 0.0125
0 0.210938 0.568056 0.0078125 0.0111111
0 0.541797 0.638194 0.00859375 0.0125
0 0.586719 0.320139 0.0078125 0.0125
0 0.388281 0.917361 0.0078125 0.0125
0 0.295703 0.7625 0.00859375 0.0111111
0 0.684766 0.790278 0.00859375 0.0138889
0 0.789062 0.848611 0.0078125 0.0138889
0 0.448438 0.277083 0.0078125 0.0125
0 0.823828 0.456944 0.00859375 0.0138889
0 0.853906 0.0729167 0.0078125 0.0125
0 0.837109 0.917361 0.00859375 0.0125
0 0.827344 0.40625 0.009375 0.0125
0 0.783984 0.772222 0.00859375 0.0138889
0 0.479297 0.745833 0.00859375 0.0138889
0 0.925 0.513889 0.009375 0.0138889
0 0.65 0.672917 0.0078125 0.0125
0 0.761719 0.546528 0.0078125 0.0125
0 0.916797 0.463889 0.00859375 0.0138889
0 0.571875 0.940972 0.009375 0.0125
0 0.900781 0.661111 0.009375 0.0138889
0 0.863672 0.8375 0.00859375 0.0138889
