0 0.832031 0.227778 0.0078125 0.0138889
0 0.285937 0.0277778 0.0078125 0.0111111
0 0.997266 0.577083 0.00546875 0.0180556
0 0.303125 0.296528 0.0078125 0.0180556
0 0.0757812 0.588889 0.0078125 0.0111111
0 0.250391 0.576389 0.00703125 0.0111111
0 0.731641 0.0645833 0.00859375 0.0125
0 0.220313 0.195139 0.0078125 0.0125
0 0.628516 0.354861 0.00859375 0.0125
0 0.507422 0.550694 0.0101562 0.0152778
0 0.231641 0.913889 0.00859375 0.0111111
0 0.728906 0.0694444 0.0078125 0.0138889
0 0.0980469 0.0375 0.00703125 0.0111111
0 0.671875 0.324306 0.009375 0.0180556
0 0.142188 0.251389 0.0078125 0.0111111
0 0.924609 0.184722 0.00859375 0.0138889
0 0.120312 0.159028 0.0078125 0.0125
0 0.282031 0.0729167 0.0078125 0.0125
0 0.300781 0.293056 0.0078125 0.0138889
0 0.907812 0.894444 0.009375 0.0138889
0 0.162109 0.780556 0.00859375 0.0138889
0 0.298828 0.08125 0.00703125 0.00972222
0 0.424219 0.46875 0.0078125 0.0125
0 0.728125 0.280556 0.0078125 0.0138889
0 0.777344 0.25625 0.0078125 0.0125
0 0.351953 0.886806 0.00703125 0.0125
0 0.409375 0.891667 0.0078125 0.0111111
0 0.744141 0.409028 0.00859375 0.0152778
0 0.153516 0.470139 0.00703125 0.00972222
0 0.224219 0.0729167 0.0078125 0.0125
0 0.130078 0.3 0.00859375 0.0111111
0 0.776953 0.810417 0.00859375 0.0152778
0 0.780078 0.956944 0.00859375 0.0138889
0 0.658984 0.916667 0.00859375 0.0138889
0 0.346484 0.0888889 0.00703125 0.0111111
0 0.866406 0.134028 0.0078125 0.0125
0 0.275781 0.794444 0.0078125 0.0111111
0 0.373828 0.215278 0.00703125 0.0111111
0 0.242969 0.746528 0.0078125 0.0125
0 0.252344 0.945139 0.0078125 0.0125
0 0.329688 0.836111 0.0078125 0.0111111
0 0.791797 0.270139 0.00859375 0.0125
0 0.905469 0.164583 0.0078125 0.0125
0 0.654688 0.761111 0.00625 0.0111111
0 0.514063 0.297222 0.009375 0.0166667
0 0.381641 0.25 0.00859375 0.0138889
0 0.585938 0.0965278 0.0078125 0.0125
0 0.995703 0.848611 0.00703125 0.0138889
0 0.491406 0.497222 0.009375 0.0166667
0 0.410156 0.509722 0.0078125 0.0111111
0 0.392188 0.170833 0.0078125 0.0111111
0 0.842969 0.516667 0.009375 0.0138889
0 0.688672 0.385417 0.00859375 0.0125
0 0.375391 0.946528 0.00859375 0.0125
0 0.820703 0.0833333 0.00859375 0.0138889
0 0.382812 0.302083 0.0078125 0.0125
0 0.567187 0.373611 0.0078125 0.0138889
0 0.583984 0.904167 0.00859375 0.0138889
0 0.488281 0.820139 0.0078125 0.0125
0 0.562109 0.288194 0.00859375 0.0125
0 0.445312 0.620139 0.0078125 0.0125
0 0.620703 0.936111 0.00859375 0.0138889
0 0.429688 0.736806 0.0078125 0.0125
0 0.913672 0.541667 0.0101562 0.0138889
0 0.661328 0.475694 0.00859375 0.0125
0 0.948047 0.663194 0.00859375 0.0152778
0 0.816797 0.4125 0.00859375 0.0138889
0 0.459375 0.895139 0.0078125 0.0125
0 0.659766 0.81875 0.00703125 0.0125
0 0.730078 0.907639 0.00859375 0.0125
0 0.853906 0.822917 0.0078125 0.0125
0 0.872266 0.65625 0.00859375 0.0152778
0 0.657812 0.647222 0.009375 0.0138889
0 0.734766 0.495139 0.00859375 0.0125
