0 0.145703 0.766667 0.00859375 0.0111111
0 0.0140625 0.521528 0.0078125 0.0125
0 0.886328 0.861111 0.00859375 0.0166667
0 0.803125 0.0819444 0.0078125 0.0111111
0 0.405078 0.825 0.00859375 0.0111111
0 0.510547 0.411111 0.00859375 0.0138889
0 0.560547 0.0284722 0.00859375 0.0125
0 0.7875 0.539583 0.009375 0.0152778
0 0.876562 0.696528 0.009375 0.0125
0 0.571094 0.01875 0.009375 0.0152778
0 0.862109 0.0395833 0.00859375 0.0125
0 0.75 0.685417 0.009375 0.0152778
0 0.807031 0.700694 0.009375 0.0152778
0 0.519141 0.428472 0.00859375 0.0125
0 0.905469 0.431944 0.009375 0.0138889
0 0.184766 0.758333 0.00703125 0.0111111
0 0.679297 0.866667 0.00859375 0.0111111
0 0.875 0.111111 0.0078125 0.0111111
0 0.921484 0.333333 0.00859375 0.0111111
0 0.876562 0.0465278 0.0078125 0.0125
0 0.757812 0.502083 0.009375 0.0125
0 0.596094 0.279167 0.0078125 0.0138889
0 0.263281 0.364583 0.009375 0.0125
0 0.526953 0.156944 0.00859375 0.0111111
0 0.793359 0.293056 0.0101562 0.0111111
0 0.305859 0.761806 0.00859375 0.0125
0 0.152734 0.938889 0.00703125 0.0111111
0 0.719922 0.1375 0.00859375 0.0138889
0 0.111328 0.284028 0.00859375 0.0125
0 0.653516 0.211806 0.00859375 0.0152778
0 0.911719 0.979861 0.009375 0.0125
0 0.387891 0.993056 0.00859375 0.0111111
0 0.168359 0.075 0.00703125 0.0111111
0 0.800391 0.197917 0.00859375 0.0125
0 0.735547 0.356944 0.00859375 0.0138889
0 0.995313 0.680556 0.0078125 0.0138889
0 0.858984 0.124306 0.00859375 0.0125
0 0.836328 0.507639 0.00859375 0.0125
0 0.522266 0.224306 0.00859375 0.0125
0 0.351172 0.459722 0.00859375 0.0111111
0 0.717188 0.0763889 0.0078125 0.0111111
0 0.117188 0.0659722 0.0078125 0.0125
0 0.311328 0.519444 0.00859375 0.0138889
0 0.857422 0.160417 0.00859375 0.0125
0 0.551172 0.829167 0.00859375 0.0111111
0 0.418359 0.736806 0.0101562 0.0152778
0 0.269141 0.268056 0.00703125 0.0111111
0 0.221875 0.177778 0.0078125 0.0111111
0 0.468359 0.479167 0.0101562 0.0138889
0 0.366797 0.0819444 0.00703125 0.0111111
0 0.334375 0.456944 0.0078125 0.0138889
0 0.567969 0.644444 0.0078125 0.0138889
0 0.405859 0.378472 0.00859375 0.0125
0 0.269531 0.597917 0.0078125 0.0125
0 0.786328 0.0388889 0.00859375 0.0138889
0 0.383203 0.945139 0.00859375 0.0125
0 0.746875 0.715972 0.0078125 0.0125
0 0.184375 0.385417 0.0078125 0.0125
0 0.487109 0.190972 0.00859375 0.0125
0 0.339453 0.96875 0.00859375 0.0125
0 0.802734 0.515972 0.00859375 0.0125
0 0.365234 0.446528 0.00859375 0.0125
0 0.738672 0.970139 0.00859375 0.0125
0 0.338281 0.215278 0.0078125 0.0111111
0 0.228125 0.6625 0.0078125 0.0111111
0 0.815234 0.674306 0.00859375 0.0125
0 0.848047 0.271528 0.0101562 0.0152778
0 0.282422 0.917361 0.00859375 0.0125
0 0.557813 0.130556 0.0078125 0.0111111
0 0.473047 0.820833 0.00859375 0.0138889
0 0.736328 0.449306 0.00859375 0.0125
0 0.716797 0.452083 0.00859375 0.0152778
0 0.741797 0.772222 0.00859375 0.0111111
0 0.707031 0.872917 0.009375 0.0125
0 0.941016 0.209028 0.00859375 0.0125
0 0.771484 0.361806 0.00859375 0.0125
0 0.682031 0.659722 0.009375 0.0138889
0 0.617188 0.219444 0.0078125 0.0111111
0 0.496875 0.954861 0.0078125 0.0125
0 0.373047 0.206944 0.00703125 0.0111111
0 0.598047 0.481944 0.00859375 0.0138889
0 0.386719 0.689583 0.0078125 0.0125
0 0.328906 0.397917 0.0078125 0.0125
0 0.894141 0.484722 0.00859375 0.0138889
0 0.331641 0.519444 0.00859375 0.0138889
0 0.614453 0.759722 0.00859375 0.0138889
