0 0.217187 0.746528 0.009375 0.0125
0 0.770312 0.628472 0.0109375 0.0152778
0 0.7875 0.724306 0.009375 0.0125
0 0.587109 0.145139 0.00859375 0.0125
0 0.150391 0.20625 0.00859375 0.00972222
0 0.49375 0.0388889 0.009375 0.0138889
0 0.116406 0.436806 0.0078125 0.00972222
0 0.137109 0.295833 0.00859375 0.0111111
0 0.216797 0.879861 0.00859375 0.0180556
0 0.0796875 0.885417 0.0078125 0.0125
0 0.202734 0.157639 0.0101562 0.0125
0 0.235156 0.376389 0.009375 0.0111111
0 0.0875 0.336806 0.0078125 0.0125
0 0.250391 0.188194 0.0101562 0.0125
0 0.249609 0.490972 0.00859375 0.0125
0 0.116016 0.725694 0.00859375 0.0125
0 0.364844 0.361806 0.009375 0.0208333
0 0.127344 0.752083 0.0078125 0.0125
0 0.819922 0.0305556 0.00859375 0.0138889
0 0.741797 0.194444 0.00859375 0.0166667
0 0.303125 0.136806 0.009375 0.0125
0 0.276172 0.416667 0.0117188 0.0194444
0 0.0757812 0.532639 0.0078125 0.0125
0 0.404297 0.2125 0.0101562 0.0166667
0 0.618359 0.970833 0.00859375 0.0138889
0 0.100391 0.820139 0.00703125 0.0125
0 0.704297 0.906944 0.00859375 0.0138889
0 0.4125 0.155556 0.0078125 0.0138889
0 0.459375 0.58125 0.009375 0.0152778
0 0.639063 0.490972 0.009375 0.0125
0 0.637109 0.126389 0.00859375 0.0111111
0 0.894531 0.244444 0.0078125 0.0111111
0 0.111719 0.305556 0.0078125 0.0111111
0 0.293359 0.742361 0.00859375 0.0152778
0 0.746875 0.988889 0.009375 0.0138889
0 0.856641 0.807639 0.0101562 0.0152778
0 0.850781 0.186806 0.0078125 0.0125
0 0.650391 0.761806 0.00859375 0.0152778
0 0.724609 0.250694 0.00859375 0.0180556
0 0.800781 0.525 0.009375 0.0166667
0 0.161328 0.474306 0.00859375 0.0125
0 0.988281 0.663194 0.009375 0.0125
0 0.677344 0.480556 0.0078125 0.0111111
0 0.816797 0.116667 0.00703125 0.0111111
0 0.607031 0.63125 0.009375 0.0125
0 0.3375 0.179167 0.009375 0.0138889
0 0.375391 0.679167 0.00859375 0.0138889
0 0.578906 0.485417 0.009375 0.0125
0 0.562109 0.774306 0.00859375 0.0152778
0 0.801172 0.283333 0.00859375 0.0111111
0 0.513672 0.900694 0.00859375 0.0125
0 0.310937 0.776389 0.0078125 0.0138889
0 0.196484 0.738889 0.00859375 0.0138889
0 0.767969 0.547917 0.009375 0.0125
0 0.390625 0.109722 0.0078125 0.0111111
0 0.683594 0.959028 0.0078125 0.0125
0 0.759375 0.6875 0.009375 0.0138889
0 0.933594 0.485417 0.009375 0.0125
0 0.724219 0.685417 0.009375 0.0125
0 0.519922 0.369444 0.00859375 0.0138889
