0 0.453516 0.513889 0.0101562 0.0138889
0 0.0664062 0.225694 0.00625 0.00972222
0 0.649609 0.907639 0.00859375 0.0125
0 0.978516 0.576389 0.00859375 0.0111111
0 0.534766 0.101389 0.00703125 0.0111111
0 0.576172 0.559028 0.0101562 0.0152778
0 0.96875 0.80625 0.0078125 0.00972222
0 0.0460938 0.797917 0.0078125 0.0152778
0 0.722266 0.583333 0.0101562 0.0166667
0 0.0789063 0.19375 0.00625 0.00972222
0 0.894141 0.105556 0.00859375 0.0111111
0 0.546094 0.66875 0.009375 0.0125
0 0.220703 0.110417 0.00859375 0.0125
0 0.719141 0.544444 0.00859375 0.0111111
0 0.545703 0.333333 0.00859375 0.0111111
0 0.783984 0.85 0.00859375 0.0138889
0 0.745703 0.0270833 0.00859375 0.0125
0 0.378516 0.302083 0.0101562 0.0152778
0 0.93125 0.977083 0.0078125 0.0125
0 0.515625 0.5875 0.009375 0.0138889
0 0.866406 0.711111 0.0078125 0.0111111
0 0.566016 0.0784722 0.00859375 0.0125
0 0.687891 0.471528 0.00859375 0.0152778
0 0.901172 0.990278 0.00859375 0.0111111
0 0.573047 0.540278 0.00859375 0.0138889
0 0.663672 0.829861 0.00859375 0.0125
0 0.362109 0.952083 0.00703125 0.0125
0 0.153516 0.313889 0.00859375 0.0111111
0 0.234375 0.284722 0.0078125 0.0111111
0 0.554688 0.40625 0.0078125 0.0125
0 0.232031 0.585417 0.0078125 0.0125
0 0.716016 0.445833 0.00859375 0.0138889
0 0.553516 0.669444 0.00859375 0.0138889
0 0.525781 0.359722 0.0078125 0.0138889
0 0.119531 0.30625 0.0078125 0.00972222
0 0.988281 0.132639 0.0078125 0.0125
0 0.507422 0.854167 0.0101562 0.0166667
0 0.807031 0.981944 0.0078125 0.0111111
0 0.891016 0.611111 0.00859375 0.0138889
0 0.149609 0.369444 0.00703125 0.0111111
0 0.535547 0.3875 0.00859375 0.0138889
0 0.915625 0.85625 0.0078125 0.0125
0 0.655859 0.20625 0.00859375 0.0125
0 0.771875 0.240972 0.009375 0.0125
0 0.826953 0.379167 0.00859375 0.0138889
0 0.394922 0.152778 0.00859375 0.0111111
0 0.896484 0.809722 0.00859375 0.0111111
0 0.798047 0.930556 0.00859375 0.0138889
0 0.311719 0.0534722 0.0078125 0.0125
0 0.806641 0.0638889 0.00859375 0.0111111
0 0.951172 0.384722 0.00859375 0.0138889
0 0.735547 0.660417 0.00859375 0.0125
0 0.863672 0.53125 0.00859375 0.0125
0 0.903516 0.342361 0.00859375 0.0125
0 0.605859 0.516667 0.00859375 0.0111111
0 0.963281 0.741667 0.0078125 0.0111111
0 0.958203 0.830556 0.00859375 0.0138889
0 0.221875 0.611111 0.0078125 0.0111111
0 0.394141 0.724306 0.00859375 0.0125
0 0.863672 0.396528 0.00859375 0.0125
0 0.612109 0.584028 0.00859375 0.0125
0 0.421094 0.334028 0.0078125 0.0125
0 0.839844 0.279861 0.009375 0.0125
0 0.699219 0.333333 0.0078125 0.0111111
0 0.257031 0.320139 0.0078125 0.0125
0 0.492969 0.523611 0.0078125 0.0138889
0 0.204688 0.563889 0.0078125 0.0111111
0 0.645703 0.836111 0.00859375 0.0138889
0 0.448047 0.244444 0.00859375 0.0111111
0 0.544531 0.786806 0.0078125 0.0125
0 0.344141 0.406944 0.00859375 0.0138889
0 0.208594 0.697917 0.0078125 0.0125
0 0.407422 0.683333 0.00859375 0.0138889
0 0.273047 0.479861 0.00859375 0.0125
0 0.400781 0.828472 0.0078125 0.0125
0 0.709375 0.657639 0.0078125 0.0125
0 0.311328 0.650694 0.00859375 0.0125
0 0.834766 0.806944 0.00859375 0.0138889
0 0.748047 0.763194 0.00859375 0.0125
