0 0.45 0.327083 0.0140625 0.0208333
0 0.932422 0.204861 0.00703125 0.0125
0 0.830859 0.552778 0.0101562 0.0138889
0 0.440234 0.0416667 0.0101562 0.0166667
0 0.405469 0.718056 0.009375 0.0111111
0 0.183984 0.445139 0.00703125 0.0125
0 0.147266 0.61875 0.00703125 0.0125
0 0.444141 0.01875 0.0101562 0.0125
0 0.996484 0.170139 0.00546875 0.0125
0 0.258984 0.165972 0.0101562 0.0125
0 0.54375 0.0472222 0.0078125 0.0111111
0 0.652344 0.107639 0.00625 0.00972222
0 0.991797 0.74375 0.00703125 0.0125
0 0.497266 0.411806 0.00859375 0.0125
0 0.459766 0.70625 0.00703125 0.0125
0 0.379297 0.286111 0.00859375 0.0138889
0 0.300781 0.877083 0.0078125 0.0125
0 0.381641 0.302778 0.00859375 0.0138889
0 0.423438 0.727083 0.0078125 0.0125
0 0.912891 0.0784722 0.00859375 0.0125
0 0.702344 0.481944 0.0078125 0.0138889
0 0.892187 0.281944 0.0078125 0.0138889
0 0.527344 0.363889 0.009375 0.0194444
0 0.476562 0.904167 0.0078125 0.0111111
0 0.828516 0.281944 0.0101562 0.0138889
0 0.74375 0.0375 0.0078125 0.0111111
0 0.385547 0.979167 0.00859375 0.0111111
0 0.3625 0.970139 0.0078125 0.0125
0 0.887891 0.951389 0.00859375 0.0138889
0 0.593359 0.475694 0.0101562 0.0152778
0 0.447656 0.765972 0.009375 0.0125
0 0.726172 0.196528 0.00859375 0.0125
0 0.789453 0.125 0.00703125 0.0111111
0 0.460156 0.347222 0.0078125 0.0166667
0 0.701563 0.0576389 0.0078125 0.0125
0 0.742578 0.0826389 0.00859375 0.0125
0 0.616016 0.0326389 0.00859375 0.0125
0 0.866016 0.147917 0.00859375 0.0125
0 0.766016 0.371528 0.00859375 0.0125
0 0.279687 0.469444 0.0078125 0.0138889
0 0.699219 0.765972 0.0078125 0.0125
0 0.240625 0.633333 0.0078125 0.0111111
0 0.951563 0.879167 0.0078125 0.0138889
0 0.907812 0.243056 0.0078125 0.0111111
0 0.425391 0.589583 0.0101562 0.0152778
0 0.433984 0.716667 0.00859375 0.0138889
0 0.445312 0.907639 0.0078125 0.0125
0 0.592969 0.671528 0.0078125 0.00972222
0 0.392578 0.653472 0.00859375 0.0125
0 0.859375 0.213194 0.0078125 0.0125
0 0.224219 0.421528 0.0078125 0.0125
0 0.693359 0.433333 0.00703125 0.0111111
0 0.982422 0.386111 0.00859375 0.0111111
0 0.957422 0.975 0.00859375 0.0138889
0 0.748438 0.735417 0.0078125 0.0125
0 0.436719 0.04375 0.0078125 0.0125
0 0.334375 0.420833 0.0078125 0.0111111
0 0.801953 0.634028 0.00859375 0.0125
0 0.320703 0.663889 0.00859375 0.0138889
0 0.447266 0.325694 0.00859375 0.0125
0 0.521094 0.947917 0.0078125 0.0125
0 0.928125 0.729167 0.009375 0.0138889
0 0.530469 0.907639 0.0078125 0.0125
0 0.575781 0.843056 0.0078125 0.0111111
0 0.435937 0.479861 0.0078125 0.0125
0 0.658984 0.261111 0.00859375 0.0138889
0 0.542188 0.647222 0.0078125 0.0111111
0 0.464063 0.275 0.0078125 0.0138889
0 0.891016 0.735417 0.00859375 0.0152778
0 0.959766 0.606944 0.00859375 0.0138889
