0 0.800781 0.204861 0.0078125 0.0180556
0 0.368359 0.745139 0.00703125 0.00972222
0 0.245703 0.222917 0.00859375 0.0125
0 0.797266 0.259028 0.00859375 0.0152778
0 0.701172 0.518056 0.00859375 0.0166667
0 0.228906 0.413194 0.0078125 0.0125
0 0.0730469 0.772222 0.00703125 0.0111111
0 0.0871094 0.761111 0.00859375 0.0111111
0 0.0335938 0.426389 0.00625 0.0111111
0 0.971875 0.640278 0.0078125 0.0138889
0 0.710938 0.310417 0.0078125 0.0152778
0 0.708984 0.318056 0.00859375 0.0138889
0 0.134375 0.686111 0.0078125 0.0111111
0 0.176563 0.284722 0.0078125 0.0111111
0 0.142969 0.156944 0.00625 0.0111111
0 0.36875 0.636111 0.0078125 0.0111111
0 0.612891 0.245833 0.00859375 0.0138889
0 0.604688 0.309028 0.0078125 0.0125
0 0.0292969 0.197222 0.00703125 0.0111111
0 0.3125 0.130556 0.0078125 0.0111111
0 0.0742188 0.302778 0.0078125 0.0111111
0 0.0410156 0.326389 0.00703125 0.0111111
0 0.888672 0.0458333 0.00703125 0.0111111
0 0.119922 0.170139 0.00703125 0.00972222
0 0.127734 0.144444 0.00703125 0.0111111
0 0.955469 0.229167 0.0078125 0.0111111
0 0.36875 0.838194 0.0078125 0.0125
0 0.493359 0.974306 0.00859375 0.0125
0 0.611719 0.290972 0.0078125 0.0125
0 0.173438 0.830556 0.0078125 0.0111111
0 0.664844 0.164583 0.0078125 0.0125
0 0.767578 0.919444 0.00859375 0.0138889
0 0.0777344 0.122222 0.00703125 0.0111111
0 0.66875 0.136806 0.0078125 0.0125
0 0.191016 0.883333 0.00703125 0.0111111
0 0.222266 0.870833 0.00703125 0.0111111
0 0.15 0.893056 0.0078125 0.0111111
0 0.958594 0.661111 0.009375 0.0138889
0 0.176953 0.359722 0.00703125 0.0111111
0 0.104687 0.590278 0.0078125 0.0111111
0 0.649219 0.98125 0.0078125 0.0125
0 0.990234 0.292361 0.00859375 0.0125
0 0.301172 0.0118056 0.00859375 0.0125
0 0.354688 0.0375 0.0078125 0.0111111
0 0.245312 0.236806 0.009375 0.0125
0 0.978906 0.684722 0.009375 0.0138889
0 0.774609 0.05 0.00859375 0.0138889
0 0.0378906 0.288889 0.00703125 0.0111111
0 0.591406 0.715972 0.0078125 0.0125
0 0.717188 0.0256944 0.0078125 0.0125
0 0.236719 0.0180556 0.0078125 0.0111111
0 0.482031 0.14375 0.0078125 0.0125
0 0.351172 0.133333 0.00703125 0.0111111
0 0.39375 0.254167 0.0078125 0.0138889
0 0.596875 0.457639 0.0078125 0.0125
0 0.578906 0.452778 0.0078125 0.0111111
0 0.389453 0.36875 0.00859375 0.0125
0 0.839453 0.353472 0.00859375 0.0125
0 0.959375 0.103472 0.0078125 0.0125
0 0.596094 0.685417 0.0078125 0.0125
0 0.498437 0.253472 0.0078125 0.0125
0 0.785547 0.449306 0.00859375 0.0152778
0 0.415625 0.125694 0.0078125 0.0125
0 0.688672 0.20625 0.00859375 0.0125
0 0.929297 0.500694 0.00859375 0.0125
0 0.960938 0.186111 0.0078125 0.0111111
0 0.0992187 0.419444 0.0078125 0.0111111
0 0.434766 0.663194 0.00859375 0.0125
0 0.378516 0.718056 0.00703125 0.0111111
0 0.991797 0.359028 0.00859375 0.0125
0 0.186719 0.679167 0.0078125 0.0111111
0 0.98125 0.858333 0.009375 0.0138889
0 0.358203 0.0805556 0.00703125 0.0111111
0 0.270312 0.742361 0.0078125 0.0125
0 0.519922 0.697917 0.00859375 0.0125
0 0.522656 0.207639 0.0078125 0.0125
0 0.166797 0.382639 0.00703125 0.0125
0 0.373047 0.928472 0.00859375 0.0125
0 0.638672 0.303472 0.0101562 0.0152778
0 0.726562 0.20625 0.009375 0.0125
0 0.397656 0.663889 0.0078125 0.0111111
0 0.723828 0.747222 0.00859375 0.0111111
0 0.610156 0.538194 0.0078125 0.0125
0 0.815234 0.896528 0.00859375 0.0125
0 0.285547 0.590278 0.00859375 0.0138889
0 0.508594 0.304861 0.0078125 0.0125
0 0.504687 0.73125 0.0078125 0.0125
0 0.487891 0.171528 0.00859375 0.0125
0 0.819531 0.677083 0.0078125 0.0125
0 0.796484 0.825 0.0101562 0.0138889
0 0.685547 0.628472 0.00859375 0.0125
