0 0.975 0.423611 0.0078125 0.0111111
0 0.589844 0.920139 0.0078125 0.0125
0 0.786719 0.550694 0.0078125 0.0125
0 0.0703125 0.0590278 0.0078125 0.00972222
0 0.545313 0.0118056 0.009375 0.0125
0 0.537109 0.250694 0.00859375 0.0125
0 0.846875 0.215278 0.009375 0.0111111
0 0.156641 0.8875 0.00859375 0.0111111
0 0.273438 0.0965278 0.0078125 0.0125
0 0.0441406 0.141667 0.00859375 0.0111111
0 0.995313 0.284028 0.00625 0.0125
0 0.379297 0.183333 0.00859375 0.0111111
0 0.0476562 0.559028 0.009375 0.0125
0 0.119531 0.243056 0.0078125 0.0111111
0 0.290234 0.716667 0.00859375 0.0138889
0 0.120312 0.284722 0.009375 0.0111111
0 0.5125 0.647917 0.0078125 0.0125
0 0.900781 0.878472 0.009375 0.0152778
0 0.862891 0.938194 0.00859375 0.0152778
0 0.80625 0.0354167 0.0078125 0.00972222
0 0.897656 0.109722 0.0078125 0.0111111
0 0.957422 0.285417 0.00859375 0.0125
0 0.203516 0.3125 0.00859375 0.0138889
0 0.666016 0.5875 0.00703125 0.0111111
0 0.938672 0.0638889 0.00859375 0.0111111
0 0.0597656 0.529861 0.00859375 0.0125
0 0.302344 0.713889 0.0078125 0.0138889
0 0.0636719 0.197222 0.00703125 0.0111111
0 0.260938 0.925694 0.0078125 0.0125
0 0.0828125 0.240278 0.0078125 0.0111111
0 0.728125 0.941667 0.0078125 0.0138889
0 0.286328 0.753472 0.00859375 0.0125
0 0.746094 0.50625 0.0078125 0.0125
0 0.787891 0.252778 0.00859375 0.0111111
0 0.480469 0.200694 0.0078125 0.0125
0 0.9625 0.790972 0.009375 0.0152778
0 0.209375 0.15625 0.0078125 0.0125
0 0.805469 0.146528 0.0078125 0.0125
0 0.15 0.526389 0.0078125 0.0111111
0 0.844141 0.380556 0.0101562 0.0138889
0 0.425 0.1875 0.0078125 0.0111111
0 0.371875 0.877778 0.0078125 0.0138889
0 0.684766 0.297917 0.00859375 0.0125
0 0.409766 0.141667 0.00859375 0.0138889
0 0.444531 0.644444 0.0078125 0.0111111
0 0.376953 0.407639 0.00859375 0.0125
0 0.951953 0.75625 0.00859375 0.0125
0 0.480859 0.0319444 0.00859375 0.0111111
0 0.716406 0.970139 0.0078125 0.0125
0 0.494922 0.902083 0.00859375 0.0125
0 0.792969 0.327778 0.0078125 0.0111111
0 0.138281 0.148611 0.0078125 0.0111111
0 0.939062 0.635417 0.009375 0.0125
0 0.5625 0.184722 0.0078125 0.0111111
0 0.712891 0.800694 0.00859375 0.0125
0 0.490234 0.729861 0.00859375 0.0125
0 0.817578 0.417361 0.00859375 0.0125
0 0.770312 0.429167 0.0078125 0.0111111
0 0.229297 0.668056 0.00859375 0.0138889
0 0.797266 0.119444 0.00859375 0.0138889
0 0.760547 0.217361 0.00859375 0.0125
0 0.464063 0.546528 0.009375 0.0125
0 0.309766 0.850694 0.00859375 0.0125
0 0.283203 0.567361 0.00859375 0.0125
0 0.394141 0.521528 0.00859375 0.0125
