0 0.509375 0.88125 0.0078125 0.0236111
0 0.650781 0.888889 0.0140625 0.0138889
0 0.925 0.804167 0.009375 0.0138889
0 0.6 0.236111 0.009375 0.0138889
0 0.64375 0.8875 0.009375 0.0138889
0 0.597656 0.229167 0.009375 0.0138889
0 0.532422 0.903472 0.00859375 0.0125
0 0.179688 0.825 0.0078125 0.0111111
0 0.509766 0.894444 0.00859375 0.0166667
0 0.703125 0.522917 0.0078125 0.0125
0 0.408594 0.425 0.0078125 0.0111111
0 0.658203 0.00902778 0.00703125 0.00972222
0 0.411719 0.757639 0.0078125 0.0125
0 0.601562 0.239583 0.009375 0.0125
0 0.535937 0.0236111 0.0078125 0.0111111
0 0.345703 0.825 0.00859375 0.0111111
0 0.697656 0.0298611 0.0078125 0.0125
0 0.0480469 0.75 0.00859375 0.0111111
0 0.560547 0.514583 0.00859375 0.0125
0 0.496484 0.869444 0.00859375 0.0138889
0 0.507812 0.869444 0.0078125 0.0138889
0 0.138281 0.0583333 0.0078125 0.0111111
0 0.654688 0.893056 0.009375 0.0138889
0 0.466406 0.244444 0.0078125 0.0111111
0 0.542969 0.463889 0.0078125 0.0111111
0 0.201562 0.820139 0.0078125 0.0125
0 0.519141 0.483333 0.00859375 0.0111111
0 0.240234 0.256944 0.00859375 0.0138889
0 0.0222656 0.448611 0.00703125 0.0111111
0 0.607813 0.863194 0.009375 0.0125
0 0.597656 0.757639 0.0109375 0.0125
0 0.301562 0.156944 0.0078125 0.0111111
0 0.107422 0.365278 0.00703125 0.0111111
0 0.2875 0.477778 0.0078125 0.0111111
0 0.172656 0.282639 0.0078125 0.0125
0 0.509375 0.307639 0.0078125 0.0125
0 0.441016 0.311111 0.00859375 0.0111111
0 0.45625 0.409722 0.0078125 0.0111111
0 0.377344 0.965278 0.0078125 0.0111111
0 0.175 0.0597222 0.0078125 0.0111111
0 0.561328 0.559028 0.00859375 0.0125
0 0.488281 0.41875 0.0109375 0.0152778
0 0.05 0.423611 0.0078125 0.0111111
0 0.735547 0.392361 0.00859375 0.0125
0 0.573828 0.790278 0.00859375 0.0138889
0 0.347656 0.863194 0.0078125 0.0125
0 0.152734 0.938889 0.00703125 0.0111111
0 0.235156 0.584722 0.0078125 0.0111111
0 0.236328 0.675694 0.00859375 0.0125
0 0.523047 0.0805556 0.00703125 0.0111111
0 0.0660156 0.229167 0.00703125 0.0111111
0 0.277734 0.280556 0.00859375 0.0111111
0 0.321484 0.227083 0.00859375 0.0125
0 0.663672 0.696528 0.00859375 0.0125
0 0.0777344 0.561806 0.00703125 0.00972222
0 0.0996094 0.201389 0.00703125 0.0111111
0 0.071875 0.484028 0.0078125 0.0125
0 0.221484 0.697917 0.00703125 0.0125
0 0.231641 0.275694 0.00859375 0.0125
0 0.903906 0.8125 0.009375 0.0138889
0 0.866797 0.075 0.00703125 0.0111111
0 0.75625 0.250694 0.0078125 0.0125
0 0.149219 0.15625 0.0078125 0.0125
0 0.152344 0.45625 0.0078125 0.0125
0 0.688281 0.619444 0.009375 0.0138889
0 0.821094 0.491667 0.009375 0.0111111
0 0.981641 0.850694 0.0101562 0.0152778
0 0.202344 0.327083 0.0078125 0.0125
0 0.632812 0.729861 0.0078125 0.0125
0 0.364453 0.520139 0.00703125 0.0125
0 0.508203 0.123611 0.00859375 0.0138889
0 0.784375 0.374306 0.0078125 0.0125
0 0.954687 0.288889 0.0078125 0.0111111
0 0.550391 0.170139 0.00859375 0.0125
0 0.271094 0.622917 0.0078125 0.0125
0 0.377344 0.601389 0.0078125 0.0111111
0 0.541406 0.575694 0.0078125 0.0125
0 0.435937 0.549306 0.009375 0.0152778
0 0.813672 0.840972 0.00859375 0.0152778
0 0.790625 0.822917 0.009375 0.0125
