0 0.162109 0.880556 0.00703125 0.0111111
0 0.0476562 0.371528 0.0078125 0.0125
0 0.377734 0.591667 0.00859375 0.0138889
0 0.366016 0.104167 0.00703125 0.0111111
0 0.514063 0.334028 0.0078125 0.0125
0 0.33125 0.140278 0.0078125 0.0111111
0 0.210156 0.675 0.0078125 0.0111111
0 0.988281 0.968056 0.0078125 0.0138889
0 0.617188 0.102083 0.0078125 0.0125
0 0.0660156 0.0631944 0.00703125 0.00972222
0 0.301172 0.511806 0.00703125 0.00972222
0 0.266797 0.463194 0.00703125 0.00972222
0 0.217578 0.3125 0.00859375 0.0111111
0 0.459766 0.529167 0.00703125 0.0111111
0 0.615625 0.0826389 0.009375 0.0152778
0 0.980078 0.0173611 0.00703125 0.0125
0 0.787109 0.674306 0.00859375 0.0125
0 0.149609 0.384028 0.00859375 0.0125
0 0.110547 0.0333333 0.00703125 0.0111111
0 0.457031 0.441667 0.0078125 0.0111111
0 0.146484 0.569444 0.00703125 0.0111111
0 0.367969 0.208333 0.0078125 0.0111111
0 0.0851562 0.316667 0.0078125 0.0111111
0 0.317578 0.40625 0.00859375 0.0152778
0 0.260156 0.185417 0.0109375 0.0152778
0 0.317578 0.0236111 0.00859375 0.0111111
0 0.258594 0.743056 0.0078125 0.0111111
0 0.682813 0.2125 0.009375 0.0138889
0 0.960156 0.993056 0.0078125 0.0111111
0 0.364062 0.684722 0.0078125 0.0111111
0 0.800781 0.144444 0.0078125 0.0111111
0 0.836328 0.0201389 0.00859375 0.0125
0 0.751562 0.557639 0.009375 0.0152778
0 0.855469 0.119444 0.0078125 0.0138889
0 0.467578 0.293056 0.00703125 0.0111111
0 0.630469 0.430556 0.0078125 0.0111111
0 0.486328 0.718056 0.00859375 0.0138889
0 0.969141 0.495833 0.00859375 0.0138889
0 0.326953 0.190972 0.00859375 0.0125
0 0.626172 0.284028 0.00859375 0.0125
0 0.828906 0.122222 0.0078125 0.0138889
0 0.489062 0.446528 0.0078125 0.0125
0 0.910547 0.176389 0.00859375 0.0138889
0 0.614062 0.245139 0.0078125 0.0125
0 0.498437 0.229167 0.0078125 0.0111111
0 0.565625 0.453472 0.0078125 0.0125
0 0.977734 0.109028 0.00859375 0.0125
0 0.585938 0.522917 0.0078125 0.0125
0 0.471094 0.496528 0.0078125 0.0125
0 0.671094 0.771528 0.0078125 0.0125
0 0.927734 0.334028 0.00859375 0.0125
0 0.789844 0.417361 0.0078125 0.0125
0 0.096875 0.117361 0.0078125 0.0125
0 0.659375 0.433333 0.0109375 0.0138889
0 0.438281 0.786806 0.0078125 0.0125
0 0.467578 0.138194 0.00703125 0.0125
0 0.460547 0.340972 0.00859375 0.0125
0 0.980469 0.880556 0.009375 0.0138889
0 0.704297 0.590278 0.00859375 0.0138889
0 0.821484 0.498611 0.00859375 0.0138889
0 0.858984 0.496528 0.00703125 0.0125
0 0.552344 0.621528 0.0078125 0.0125
0 0.855469 0.406944 0.009375 0.0138889
0 0.671484 0.720139 0.00859375 0.0125
0 0.749609 0.436111 0.00859375 0.0111111
0 0.888281 0.415278 0.009375 0.0138889
0 0.596484 0.947222 0.00859375 0.0138889
0 0.852734 0.363889 0.00859375 0.0138889
