0 0.252734 0.614583 0.00859375 0.0125
0 0.267969 0.631944 0.0078125 0.0111111
0 0.0511719 0.697222 0.00859375 0.0111111
0 0.80625 0.971528 0.0109375 0.0152778
0 0.0484375 0.475 0.0078125 0.0111111
0 0.994922 0.783333 0.00703125 0.0138889
0 0.897656 0.0402778 0.009375 0.0138889
0 0.152344 0.327083 0.0078125 0.0125
0 0.240625 0.303472 0.009375 0.0125
0 0.712891 0.991667 0.00859375 0.0111111
0 0.714453 0.0402778 0.00859375 0.0111111
0 0.0894531 0.231944 0.00859375 0.0111111
0 0.813672 0.772917 0.00859375 0.0125
0 0.203125 0.311806 0.009375 0.0125
0 0.144531 0.113194 0.0078125 0.0125
0 0.389453 0.272917 0.0101562 0.0125
0 0.215625 0.0763889 0.0078125 0.0111111
0 0.180859 0.299306 0.00859375 0.0125
0 0.269141 0.147222 0.00859375 0.0138889
0 0.585938 0.102083 0.0078125 0.0125
0 0.712109 0.417361 0.0101562 0.0125
0 0.841406 0.0118056 0.009375 0.0125
0 0.592578 0.546528 0.0117188 0.0152778
0 0.338281 0.326389 0.009375 0.0138889
0 0.867578 0.148611 0.00859375 0.0138889
0 0.535937 0.178472 0.009375 0.0125
0 0.708203 0.845833 0.0101562 0.0138889
0 0.900391 0.309028 0.00859375 0.0125
0 0.204688 0.596528 0.0078125 0.0125
0 0.655078 0.473611 0.00859375 0.0138889
0 0.38125 0.371528 0.009375 0.0125
0 0.767578 0.807639 0.00859375 0.0152778
0 0.3375 0.0756944 0.0078125 0.0125
0 0.335156 0.293056 0.009375 0.0166667
0 0.501562 0.968056 0.009375 0.0138889
0 0.8375 0.0444444 0.0078125 0.0138889
0 0.515234 0.738194 0.00859375 0.0125
0 0.590625 0.0701389 0.0078125 0.0125
0 0.774219 0.2125 0.0078125 0.0138889
0 0.402734 0.313194 0.00859375 0.0125
0 0.203516 0.397917 0.00859375 0.0125
0 0.722656 0.936111 0.009375 0.0138889
0 0.886328 0.855556 0.0101562 0.0138889
0 0.443359 0.335417 0.00859375 0.0125
0 0.869531 0.605556 0.009375 0.0138889
0 0.730469 0.245139 0.009375 0.0125
0 0.855469 0.8 0.009375 0.0138889
0 0.765625 0.769444 0.0078125 0.0138889
0 0.783203 0.424306 0.00859375 0.0152778
0 0.720703 0.525694 0.00859375 0.0152778
0 0.346484 0.494444 0.0101562 0.0166667
0 0.567578 0.703472 0.00859375 0.0125
0 0.827734 0.650694 0.00859375 0.0125
0 0.831641 0.173611 0.00859375 0.0138889
0 0.607422 0.597222 0.00859375 0.0138889
0 0.61875 0.183333 0.0078125 0.0138889
0 0.597656 0.634722 0.0078125 0.0138889
0 0.480078 0.357639 0.00859375 0.0152778
0 0.423047 0.725 0.00859375 0.0111111
0 0.683984 0.359028 0.00859375 0.0152778
