0 0.0574219 0.236111 0.00859375 0.0111111
0 0.252344 0.313194 0.009375 0.0125
0 0.0132813 0.692361 0.00625 0.0125
0 0.487891 0.792361 0.00859375 0.0125
0 0.585938 0.909028 0.0078125 0.0152778
0 0.119531 0.0479167 0.0078125 0.0125
0 0.146875 0.451389 0.0078125 0.0111111
0 0.467187 0.8 0.0078125 0.0111111
0 0.201562 0.200694 0.009375 0.0125
0 0.683594 0.0152778 0.009375 0.0166667
0 0.621484 0.423611 0.0101562 0.0138889
0 0.228516 0.136806 0.00859375 0.0125
0 0.0257812 0.196528 0.0078125 0.0125
0 0.247656 0.565278 0.009375 0.0138889
0 0.958203 0.329861 0.0101562 0.0152778
0 0.991406 0.185417 0.0078125 0.0125
0 0.14375 0.13125 0.0078125 0.0125
0 0.105078 0.422222 0.00703125 0.0111111
0 0.194141 0.247917 0.00859375 0.0125
0 0.240625 0.126389 0.009375 0.0138889
0 0.709375 0.0604167 0.009375 0.0152778
0 0.317969 0.424306 0.009375 0.0125
0 0.121875 0.395139 0.0078125 0.0125
0 0.535547 0.65 0.0101562 0.0138889
0 0.586328 0.914583 0.00859375 0.0152778
0 0.509375 0.98125 0.0078125 0.0125
0 0.634766 0.429861 0.00859375 0.0125
0 0.430078 0.317361 0.0101562 0.0125
0 0.413281 0.765972 0.0078125 0.0125
0 0.973828 0.634722 0.00859375 0.0138889
0 0.372656 0.36875 0.009375 0.0125
0 0.155469 0.354861 0.0078125 0.0125
0 0.585938 0.419444 0.0078125 0.0111111
0 0.816016 0.839583 0.00859375 0.0152778
0 0.14375 0.233333 0.0078125 0.0111111
0 0.435937 0.911111 0.0078125 0.0111111
0 0.864062 0.745139 0.009375 0.0152778
0 0.710156 0.980556 0.0078125 0.0138889
0 0.629687 0.0145833 0.0078125 0.0125
0 0.674219 0.286111 0.009375 0.0138889
0 0.86875 0.29375 0.009375 0.0152778
0 0.635156 0.0958333 0.009375 0.0166667
0 0.976172 0.159028 0.00859375 0.0125
0 0.576172 0.736111 0.00859375 0.0138889
0 0.487891 0.496528 0.00859375 0.0125
0 0.595703 0.384028 0.00859375 0.0125
0 0.694141 0.53125 0.00859375 0.0125
0 0.534766 0.297222 0.00859375 0.0138889
0 0.789844 0.453472 0.0078125 0.0125
0 0.558984 0.454861 0.00859375 0.0125
0 0.924609 0.913194 0.0101562 0.0152778
0 0.951563 0.876389 0.009375 0.0138889
0 0.866016 0.554861 0.00859375 0.0125
0 0.826172 0.688194 0.00859375 0.0125
0 0.646484 0.761111 0.00859375 0.0138889
0 0.750391 0.650694 0.00859375 0.0125
