0 0.914062 0.542361 0.0078125 0.0125
0 0.125391 0.977083 0.00859375 0.0125
0 0.421875 0.138194 0.0078125 0.0125
0 0.158984 0.188889 0.00703125 0.0111111
0 0.101953 0.521528 0.00703125 0.00972222
0 0.532422 0.477083 0.0101562 0.0152778
0 0.225391 0.7375 0.00859375 0.0111111
0 0.875391 0.0833333 0.00859375 0.0138889
0 0.140625 0.907639 0.0078125 0.0125
0 0.0179687 0.784028 0.0078125 0.0125
0 0.462109 0.788889 0.0101562 0.0166667
0 0.129297 0.526389 0.00703125 0.0111111
0 0.314063 0.945139 0.009375 0.0125
0 0.326562 0.786111 0.0078125 0.0111111
0 0.520703 0.488194 0.0101562 0.0180556
0 0.321094 0.525694 0.0078125 0.0125
0 0.0867188 0.208333 0.0078125 0.0138889
0 0.177734 0.54375 0.00703125 0.00972222
0 0.292188 0.482639 0.0078125 0.0152778
0 0.25 0.263889 0.0078125 0.0111111
0 0.423047 0.00694444 0.00859375 0.0111111
0 0.213281 0.181944 0.0078125 0.0111111
0 0.183594 0.0194444 0.0078125 0.0111111
0 0.289062 0.433333 0.0078125 0.0111111
0 0.515234 0.0361111 0.00703125 0.0111111
0 0.962109 0.56875 0.00703125 0.0125
0 0.639063 0.332639 0.009375 0.0125
0 0.714453 0.324306 0.00859375 0.0125
0 0.320312 0.6375 0.0078125 0.0111111
0 0.225 0.672222 0.0078125 0.0111111
0 0.819141 0.836111 0.00859375 0.0138889
0 0.0886719 0.393056 0.00703125 0.0111111
0 0.379297 0.0625 0.00703125 0.0111111
0 0.289062 0.2375 0.0078125 0.0111111
0 0.377734 0.623611 0.00859375 0.0111111
0 0.0785156 0.451389 0.00703125 0.0111111
0 0.125781 0.380556 0.0078125 0.0111111
0 0.143359 0.379861 0.00859375 0.00972222
0 0.951953 0.563889 0.0101562 0.0138889
0 0.540625 0.325 0.009375 0.0138889
0 0.569531 0.729861 0.009375 0.0152778
0 0.323047 0.475 0.00859375 0.0111111
0 0.460547 0.360417 0.0101562 0.0152778
0 0.475781 0.752083 0.0078125 0.0125
0 0.740234 0.176389 0.00859375 0.0166667
0 0.0828125 0.578472 0.0078125 0.0125
0 0.349609 0.578472 0.00859375 0.0125
0 0.478516 0.786806 0.00859375 0.0125
0 0.405078 0.0625 0.00703125 0.0111111
0 0.976562 0.854861 0.0078125 0.0125
0 0.294141 0.296528 0.00859375 0.0125
0 0.142578 0.25 0.00703125 0.0111111
0 0.431641 0.305556 0.00859375 0.0111111
0 0.285937 0.174306 0.0078125 0.0125
0 0.730078 0.350694 0.00859375 0.0125
0 0.65 0.647222 0.009375 0.0166667
0 0.680469 0.221528 0.0078125 0.0125
0 0.95625 0.965278 0.0078125 0.0138889
0 0.898438 0.204167 0.009375 0.0138889
0 0.94375 0.919444 0.009375 0.0138889
0 0.837109 0.426389 0.00859375 0.0138889
0 0.848047 0.284028 0.00859375 0.0125
0 0.992188 0.408333 0.0078125 0.0138889
0 0.689844 0.380556 0.0078125 0.0138889
0 0.415234 0.378472 0.00859375 0.0125
0 0.841016 0.0625 0.00859375 0.0138889
0 0.383203 0.435417 0.00859375 0.0125
0 0.641797 0.879167 0.00859375 0.0138889
0 0.561719 0.151389 0.0078125 0.0111111
0 0.820703 0.269444 0.00859375 0.0138889
0 0.821484 0.3 0.00859375 0.0138889
0 0.484766 0.615278 0.00859375 0.0138889
0 0.538281 0.632639 0.0078125 0.0125
0 0.590234 0.493056 0.00859375 0.0138889
0 0.711328 0.923611 0.00859375 0.0138889
0 0.872266 0.322222 0.00859375 0.0138889
0 0.723047 0.295139 0.00859375 0.0125
0 0.903906 0.713889 0.0078125 0.0138889
0 0.858984 0.2375 0.00859375 0.0138889
0 0.740625 0.499306 0.0078125 0.0152778
0 0.678125 0.321528 0.0078125 0.0152778
0 0.844141 0.7 0.00859375 0.0138889
0 0.514844 0.859722 0.0078125 0.0138889
0 0.592188 0.561111 0.0078125 0.0138889
0 0.677344 0.460417 0.0078125 0.0125
0 0.822656 0.9625 0.009375 0.0138889
