0 0.161719 0.46875 0.0078125 0.0125
0 0.807031 0.175694 0.009375 0.0125
0 0.238281 0.655556 0.0078125 0.0111111
0 0.95 0.0284722 0.0078125 0.0125
0 0.114844 0.576389 0.0078125 0.0111111
0 0.312109 0.855556 0.00859375 0.0111111
0 0.0898438 0.202778 0.0078125 0.0111111
0 0.839844 0.759028 0.009375 0.0125
0 0.366406 0.118056 0.009375 0.0138889
0 0.228516 0.1375 0.00859375 0.0138889
0 0.476172 0.988889 0.00703125 0.0111111
0 0.990234 0.830556 0.00859375 0.0111111
0 0.296875 0.0229167 0.009375 0.0125
0 0.20625 0.370139 0.0078125 0.0125
0 0.909766 0.0354167 0.00859375 0.0125
0 0.154687 0.0395833 0.0078125 0.0125
0 0.102734 0.382639 0.00703125 0.00972222
0 0.0386719 0.897222 0.00703125 0.0138889
0 0.382422 0.63125 0.00859375 0.0125
0 0.146484 0.51875 0.00703125 0.0125
0 0.994922 0.184722 0.00703125 0.0138889
0 0.444141 0.0444444 0.00859375 0.0111111
0 0.717578 0.157639 0.00703125 0.00972222
0 0.166016 0.615278 0.00703125 0.0111111
0 0.458594 0.0118056 0.009375 0.0125
0 0.28125 0.761806 0.0078125 0.00972222
0 0.323828 0.717361 0.00859375 0.0125
0 0.436719 0.857639 0.009375 0.0152778
0 0.158984 0.0944444 0.00703125 0.0111111
0 0.748438 0.947222 0.0078125 0.0111111
0 0.573828 0.3 0.00859375 0.0138889
0 0.706641 0.98125 0.00859375 0.0125
0 0.440625 0.702083 0.0078125 0.0125
0 0.783984 0.0541667 0.00859375 0.0111111
0 0.979688 0.128472 0.0078125 0.0125
0 0.846094 0.594444 0.009375 0.0138889
0 0.724609 0.184028 0.00859375 0.0125
0 0.172656 0.548611 0.0078125 0.0111111
0 0.276172 0.224306 0.00859375 0.0125
0 0.151953 0.303472 0.00859375 0.0125
0 0.237891 0.630556 0.00859375 0.0138889
0 0.429297 0.936111 0.00703125 0.0111111
0 0.45625 0.806944 0.0078125 0.0111111
0 0.869922 0.769444 0.00859375 0.0138889
0 0.619141 0.105556 0.00859375 0.0111111
0 0.417188 0.738194 0.0078125 0.0125
0 0.489844 0.895833 0.0078125 0.0111111
0 0.367578 0.2875 0.00859375 0.0111111
0 0.613672 0.904861 0.00859375 0.0125
0 0.441406 0.107639 0.0078125 0.0125
0 0.773047 0.120833 0.00859375 0.0138889
0 0.396094 0.247222 0.009375 0.0138889
0 0.527344 0.752083 0.0078125 0.0125
0 0.851172 0.855556 0.0101562 0.0138889
0 0.811328 0.859722 0.00859375 0.0138889
0 0.788672 0.644444 0.00859375 0.0138889
0 0.85625 0.256944 0.009375 0.0138889
0 0.701563 0.829861 0.0078125 0.0125
0 0.373437 0.233333 0.0078125 0.0138889
0 0.949219 0.592361 0.0078125 0.0125
0 0.853125 0.728472 0.009375 0.0125
0 0.989062 0.25 0.0078125 0.0111111
0 0.692187 0.890278 0.0078125 0.0138889
0 0.969922 0.600694 0.0101562 0.0125
0 0.366406 0.3375 0.0078125 0.0138889
0 0.621875 0.629167 0.0078125 0.0138889
0 0.472266 0.295139 0.00859375 0.0125
0 0.437109 0.458333 0.00859375 0.0138889
0 0.445703 0.603472 0.00859375 0.0125
0 0.609375 0.461806 0.0078125 0.0125
0 0.608984 0.724306 0.00859375 0.0125
0 0.567187 0.51875 0.0078125 0.0125
