0 0.0660156 0.519444 0.00703125 0.0111111
0 0.483984 0.291667 0.00859375 0.0138889
0 0.206641 0.0118056 0.00859375 0.00972222
0 0.260938 0.770139 0.0078125 0.00972222
0 0.303516 0.976389 0.00859375 0.0111111
0 0.30625 0.284722 0.009375 0.0138889
0 0.180469 0.720833 0.0078125 0.0111111
0 0.202344 0.824306 0.0078125 0.00972222
0 0.244141 0.594444 0.00859375 0.0111111
0 0.711328 0.340278 0.00859375 0.0111111
0 0.935156 0.895139 0.009375 0.0152778
0 0.0296875 0.218056 0.0078125 0.0111111
0 0.930859 0.347222 0.00859375 0.0222222
0 0.605859 0.0284722 0.00859375 0.0152778
0 0.184375 0.588194 0.0078125 0.00972222
0 0.462109 0.113194 0.00859375 0.0125
0 0.281641 0.0534722 0.00859375 0.0125
0 0.227344 0.438194 0.0078125 0.0125
0 0.644922 0.613889 0.00859375 0.0138889
0 0.164844 0.372222 0.0078125 0.0111111
0 0.460156 0.217361 0.0109375 0.0125
0 0.762891 0.45625 0.00859375 0.0125
0 0.348437 0.125694 0.0078125 0.0125
0 0.375391 0.598611 0.0101562 0.0111111
0 0.292969 0.854167 0.0078125 0.0111111
0 0.723047 0.149306 0.00859375 0.0125
0 0.369141 0.922222 0.00859375 0.0111111
0 0.346094 0.552083 0.0078125 0.0125
0 0.307813 0.3 0.009375 0.0138889
0 0.965625 0.736111 0.009375 0.0138889
0 0.227734 0.396528 0.00859375 0.0125
0 0.838672 0.120139 0.00859375 0.0125
0 0.223828 0.543056 0.00703125 0.0111111
0 0.438672 0.488194 0.00859375 0.0125
0 0.601953 0.374306 0.0101562 0.0152778
0 0.751172 0.679861 0.00859375 0.0125
0 0.732422 0.165972 0.00859375 0.0125
0 0.204688 0.331944 0.0078125 0.0111111
0 0.167187 0.497222 0.0078125 0.0111111
0 0.198047 0.681944 0.00859375 0.0111111
0 0.789062 0.520139 0.0078125 0.0152778
0 0.792188 0.709028 0.009375 0.0125
0 0.121875 0.102083 0.0078125 0.0125
0 0.79375 0.591667 0.0078125 0.0111111
0 0.204688 0.186806 0.0078125 0.0125
0 0.034375 0.602083 0.009375 0.0125
0 0.446875 0.265278 0.0078125 0.0111111
0 0.989062 0.590972 0.009375 0.0152778
0 0.194922 0.376389 0.00859375 0.0111111
0 0.981641 0.0965278 0.00859375 0.0152778
0 0.81875 0.805556 0.009375 0.0111111
0 0.364453 0.346528 0.00859375 0.0125
0 0.903906 0.115972 0.0078125 0.0152778
0 0.624219 0.896528 0.0078125 0.0125
0 0.385156 0.352083 0.0078125 0.0125
0 0.568359 0.784722 0.00859375 0.0111111
0 0.667578 0.507639 0.00859375 0.00972222
0 0.545313 0.645139 0.009375 0.0125
0 0.384375 0.540972 0.009375 0.0125
0 0.610937 0.510417 0.0078125 0.0125
0 0.551562 0.347222 0.009375 0.0138889
0 0.994922 0.405556 0.00703125 0.0166667
0 0.575781 0.564583 0.0078125 0.0125
0 0.661328 0.407639 0.00859375 0.0125
0 0.639453 0.834028 0.00859375 0.0125
0 0.823828 0.503472 0.00859375 0.0125
0 0.874219 0.666667 0.009375 0.0138889
