0 0.909375 0.795139 0.009375 0.0291667
0 0.29375 0.0618056 0.009375 0.0125
0 0.383984 0.00486111 0.00859375 0.00972222
0 0.425391 0.106944 0.00859375 0.0138889
0 0.119922 0.411111 0.00859375 0.0111111
0 0.538672 0.565972 0.00859375 0.0125
0 0.669531 0.507639 0.009375 0.0125
0 0.183594 0.391667 0.0078125 0.0111111
0 0.151562 0.135417 0.0078125 0.0125
0 0.215625 0.35 0.009375 0.0111111
0 0.540625 0.103472 0.0109375 0.0152778
0 0.50625 0.460417 0.009375 0.0125
0 0.438672 0.118056 0.0101562 0.0138889
0 0.536328 0.929861 0.00859375 0.0152778
0 0.312109 0.940972 0.00859375 0.0125
0 0.970312 0.844444 0.009375 0.0194444
0 0.337891 0.9625 0.00703125 0.0111111
0 0.498437 0.104167 0.009375 0.0111111
0 0.982422 0.0513889 0.00859375 0.0138889
0 0.0589844 0.139583 0.00703125 0.0125
0 0.610937 0.702083 0.0078125 0.0125
0 0.535156 0.91875 0.009375 0.0152778
0 0.534375 0.0666667 0.0078125 0.0111111
0 0.400781 0.854167 0.0078125 0.0111111
0 0.179297 0.805556 0.00859375 0.0111111
0 0.960547 0.238194 0.00859375 0.0125
0 0.906641 0.785417 0.0101562 0.0152778
0 0.910547 0.809028 0.00859375 0.0152778
0 0.163281 0.81875 0.0078125 0.0125
0 0.174609 0.160417 0.00859375 0.0125
0 0.471875 0.174306 0.009375 0.0125
0 0.925391 0.0409722 0.00859375 0.0125
0 0.514063 0.474306 0.0078125 0.0125
0 0.335156 0.268056 0.009375 0.0138889
0 0.748438 0.0291667 0.0078125 0.0111111
0 0.301953 0.594444 0.00859375 0.0111111
0 0.573828 0.465278 0.00859375 0.0138889
0 0.313672 0.191667 0.00859375 0.0111111
0 0.300391 0.746528 0.00859375 0.0125
0 0.957422 0.649306 0.0117188 0.0236111
0 0.0328125 0.190972 0.0078125 0.0125
0 0.830078 0.939583 0.00859375 0.0152778
0 0.241016 0.727083 0.00859375 0.0125
0 0.300781 0.148611 0.0078125 0.0111111
0 0.741406 0.0513889 0.0078125 0.0138889
0 0.712891 0.0847222 0.0101562 0.0138889
0 0.341797 0.768056 0.0101562 0.0138889
0 0.974219 0.413194 0.009375 0.0152778
0 0.646875 0.977083 0.009375 0.0125
0 0.0378906 0.5375 0.00859375 0.0138889
0 0.542188 0.321528 0.0078125 0.0125
0 0.234766 0.602778 0.00859375 0.0111111
0 0.799219 0.7875 0.009375 0.0138889
0 0.535937 0.676389 0.009375 0.0138889
0 0.237891 0.486111 0.00859375 0.0111111
0 0.49375 0.605556 0.0078125 0.0111111
0 0.509375 0.815972 0.0078125 0.00972222
0 0.595312 0.513194 0.009375 0.0152778
0 0.751172 0.409722 0.00859375 0.0138889
0 0.294922 0.23125 0.00859375 0.0125
0 0.820703 0.704167 0.00859375 0.0166667
0 0.669141 0.807639 0.00859375 0.0152778
0 0.988281 0.684028 0.009375 0.0152778
0 0.732031 0.313889 0.0078125 0.0138889
0 0.517969 0.564583 0.0078125 0.0125
0 0.393359 0.33125 0.00859375 0.0125
0 0.145703 0.728472 0.00859375 0.0125
0 0.574219 0.55 0.0078125 0.0111111
0 0.371094 0.313194 0.009375 0.0125
0 0.619531 0.540278 0.009375 0.0138889
0 0.553516 0.441667 0.00859375 0.0138889
0 0.457031 0.661111 0.0078125 0.0138889
