0 0.252734 0.493056 0.00859375 0.0111111
0 0.921875 0.197222 0.0078125 0.0111111
0 0.754297 0.617361 0.00859375 0.0125
0 0.197656 0.0631944 0.009375 0.0125
0 0.19375 0.28125 0.009375 0.0125
0 0.665625 0.991667 0.0078125 0.0111111
0 0.192188 0.163889 0.0078125 0.0138889
0 0.396484 0.5125 0.0101562 0.0138889
0 0.197266 0.626389 0.00859375 0.0111111
0 0.435937 0.0527778 0.009375 0.0138889
0 0.208203 0.45625 0.00859375 0.0125
0 0.168359 0.61875 0.00859375 0.00972222
0 0.512109 0.249306 0.0101562 0.0152778
0 0.224219 0.263889 0.009375 0.0138889
0 0.897266 0.127778 0.00859375 0.0111111
0 0.145313 0.0375 0.0078125 0.0111111
0 0.132812 0.509722 0.009375 0.0111111
0 0.0933594 0.934722 0.00859375 0.0111111
0 0.5625 0.511111 0.009375 0.0138889
0 0.109375 0.358333 0.009375 0.0111111
0 0.184766 0.105556 0.00859375 0.0111111
0 0.121875 0.290972 0.0078125 0.0125
0 0.692187 0.0270833 0.009375 0.0125
0 0.916406 0.0611111 0.0078125 0.0111111
0 0.0589844 0.208333 0.00703125 0.0111111
0 0.125391 0.35625 0.00859375 0.0125
0 0.153125 0.366667 0.009375 0.0138889
0 0.293359 0.886806 0.00859375 0.0125
0 0.514453 0.454167 0.00859375 0.0111111
0 0.0914062 0.34375 0.0078125 0.0125
0 0.167969 0.945833 0.0078125 0.0111111
0 0.614453 0.00972222 0.00859375 0.0111111
0 0.323438 0.375 0.009375 0.0138889
0 0.264453 0.486806 0.00859375 0.0125
0 0.4625 0.521528 0.0078125 0.0125
0 0.0671875 0.272222 0.0078125 0.0111111
0 0.7 0.633333 0.009375 0.0138889
0 0.669531 0.743056 0.009375 0.0138889
0 0.367969 0.328472 0.009375 0.0152778
0 0.141797 0.616667 0.00859375 0.0111111
0 0.900391 0.400694 0.00859375 0.0125
0 0.244141 0.577083 0.00859375 0.0125
0 0.708203 0.526389 0.00859375 0.0138889
0 0.145703 0.164583 0.00859375 0.0125
0 0.11875 0.877083 0.009375 0.0152778
0 0.544922 0.152083 0.00859375 0.0125
0 0.654688 0.520139 0.009375 0.0125
0 0.862109 0.0666667 0.00859375 0.0111111
0 0.619531 0.563889 0.009375 0.0138889
0 0.898828 0.163194 0.00859375 0.0125
0 0.762109 0.108333 0.00859375 0.0111111
0 0.736328 0.39375 0.00859375 0.0125
0 0.669141 0.139583 0.00859375 0.0125
0 0.652734 0.455556 0.00859375 0.0111111
0 0.436719 0.345139 0.009375 0.0125
0 0.755078 0.419444 0.00859375 0.0111111
0 0.9375 0.597917 0.009375 0.0125
0 0.580859 0.384028 0.00859375 0.0125
0 0.632422 0.797222 0.00859375 0.0138889
0 0.593359 0.292361 0.00859375 0.0125
0 0.500781 0.684722 0.0109375 0.0166667
0 0.919531 0.673611 0.009375 0.0138889
0 0.924609 0.229167 0.00859375 0.0111111
0 0.976562 0.91875 0.009375 0.0125
0 0.878125 0.542361 0.0078125 0.0125
0 0.783984 0.457639 0.00859375 0.0125
0 0.811328 0.638194 0.00859375 0.0125
0 0.763281 0.806944 0.0078125 0.0111111
0 0.860937 0.858333 0.009375 0.0138889
