0 0.842969 0.0166667 0.009375 0.0111111
0 0.664453 0.104861 0.00859375 0.0125
0 0.857422 0.64375 0.00859375 0.0180556
0 0.821875 0.984028 0.009375 0.0152778
0 0.116406 0.851389 0.009375 0.0138889
0 0.910547 0.279167 0.00859375 0.0111111
0 0.530469 0.293056 0.009375 0.0138889
0 0.844922 0.924306 0.00859375 0.0125
0 0.0289063 0.601389 0.009375 0.0111111
0 0.119531 0.85625 0.009375 0.0125
0 0.934375 0.134722 0.009375 0.0111111
0 0.735156 0.102778 0.009375 0.0111111
0 0.314844 0.754167 0.00625 0.0111111
0 0.132031 0.975694 0.0078125 0.0125
0 0.0660156 0.361111 0.00703125 0.0111111
0 0.985156 0.736111 0.0078125 0.0166667
0 0.222656 0.231944 0.00625 0.0111111
0 0.896094 0.7875 0.0078125 0.0166667
0 0.938281 0.2375 0.009375 0.0138889
0 0.299609 0.952083 0.00703125 0.0125
0 0.814453 0.225694 0.0101562 0.0125
0 0.864062 0.515972 0.009375 0.0152778
0 0.632422 0.434028 0.00859375 0.0180556
0 0.272656 0.654167 0.009375 0.0138889
0 0.118359 0.629861 0.00859375 0.0125
0 0.719141 0.0902778 0.00859375 0.0111111
0 0.187109 0.275 0.00703125 0.0111111
0 0.120312 0.473611 0.0078125 0.0111111
0 0.68125 0.0645833 0.0078125 0.0125
0 0.219141 0.407639 0.00859375 0.0125
0 0.469531 0.145833 0.009375 0.0166667
0 0.161719 0.34375 0.0078125 0.0125
0 0.288281 0.984722 0.0078125 0.0138889
0 0.521484 0.302778 0.0101562 0.0138889
0 0.389062 0.923611 0.0078125 0.0138889
0 0.1375 0.221528 0.0078125 0.0125
0 0.976562 0.499306 0.0078125 0.0125
0 0.38125 0.608333 0.0109375 0.0166667
0 0.228125 0.18125 0.0078125 0.0125
0 0.123438 0.497917 0.0078125 0.0125
0 0.210156 0.903472 0.0078125 0.0125
0 0.204688 0.186806 0.0078125 0.0125
0 0.840234 0.247222 0.00859375 0.0138889
0 0.448828 0.35 0.00859375 0.0138889
0 0.609375 0.554861 0.009375 0.0125
0 0.919141 0.613194 0.00859375 0.0125
0 0.717969 0.660417 0.009375 0.0152778
0 0.357422 0.279861 0.00859375 0.0125
0 0.663281 0.814583 0.0078125 0.0125
0 0.924219 0.866667 0.009375 0.0138889
0 0.228516 0.435417 0.00859375 0.0125
0 0.473828 0.5 0.00859375 0.0138889
0 0.417188 0.172222 0.009375 0.0138889
0 0.328516 0.282639 0.00859375 0.0125
0 0.427734 0.0965278 0.00859375 0.0125
0 0.151953 0.197222 0.00703125 0.0111111
0 0.763281 0.797222 0.0078125 0.0138889
0 0.262109 0.346528 0.00859375 0.0125
0 0.278516 0.259028 0.00859375 0.0125
0 0.486328 0.447917 0.00859375 0.0152778
0 0.361719 0.7125 0.0078125 0.0138889
0 0.8125 0.381944 0.009375 0.0138889
0 0.659375 0.59375 0.009375 0.0152778
0 0.305859 0.350694 0.00859375 0.0125
0 0.244531 0.210417 0.0078125 0.0125
0 0.414453 0.902083 0.00859375 0.0125
0 0.601562 0.31875 0.009375 0.0152778
0 0.948438 0.902083 0.009375 0.0125
0 0.370313 0.408333 0.009375 0.0138889
0 0.472656 0.684028 0.0078125 0.0125
0 0.685547 0.30625 0.00859375 0.0125
0 0.590625 0.452083 0.0078125 0.0125
0 0.679688 0.395139 0.009375 0.0125
0 0.584766 0.597222 0.00859375 0.0138889
0 0.476953 0.776389 0.00859375 0.0138889
0 0.416406 0.718056 0.0078125 0.0138889
