0 0.920703 0.991667 0.00859375 0.0111111
0 0.34375 0.270139 0.009375 0.0125
0 0.644531 0.142361 0.0109375 0.0125
0 0.780078 0.374306 0.0101562 0.0152778
0 0.189063 0.211806 0.009375 0.0125
0 0.535156 0.0666667 0.0078125 0.0111111
0 0.640234 0.14375 0.0101562 0.0125
0 0.713281 0.193056 0.0078125 0.0111111
0 0.046875 0.825 0.0078125 0.0111111
0 0.680859 0.615972 0.00859375 0.0125
0 0.154687 0.686111 0.009375 0.0138889
0 0.608594 0.453472 0.009375 0.0125
0 0.646484 0.140278 0.00859375 0.0111111
0 0.420703 0.03125 0.00703125 0.0125
0 0.339453 0.261111 0.0101562 0.0138889
0 0.196094 0.205556 0.0078125 0.0111111
0 0.934766 0.149306 0.00859375 0.0125
0 0.637109 0.145833 0.00859375 0.0111111
0 0.714453 0.828472 0.00859375 0.0125
0 0.152734 0.664583 0.00859375 0.0125
0 0.482812 0.455556 0.009375 0.0138889
0 0.562109 0.827083 0.00859375 0.0125
0 0.320703 0.851389 0.00859375 0.0111111
0 0.526953 0.778472 0.00859375 0.0125
0 0.859375 0.0527778 0.009375 0.0138889
0 0.707422 0.161806 0.00859375 0.0125
0 0.110156 0.978472 0.0078125 0.0125
0 0.357031 0.0375 0.0078125 0.0111111
0 0.212891 0.101389 0.00859375 0.0138889
0 0.113672 0.481944 0.00859375 0.0111111
0 0.781641 0.370833 0.00859375 0.0138889
0 0.880859 0.443056 0.0117188 0.0138889
0 0.829687 0.01875 0.0078125 0.0125
0 0.907812 0.814583 0.009375 0.0125
0 0.592578 0.10625 0.00859375 0.0125
0 0.993359 0.943056 0.00859375 0.0138889
0 0.736328 0.110417 0.00859375 0.0125
0 0.588281 0.922917 0.009375 0.0125
0 0.351172 0.0722222 0.00859375 0.0138889
0 0.371094 0.110417 0.0078125 0.00972222
0 0.879297 0.870833 0.0101562 0.0138889
0 0.54375 0.874306 0.009375 0.0125
0 0.919141 0.784028 0.0101562 0.0125
0 0.891797 0.102778 0.00859375 0.0111111
0 0.473828 0.13125 0.00859375 0.0125
0 0.845703 0.615972 0.00859375 0.0125
0 0.19375 0.652778 0.0078125 0.0111111
0 0.741797 0.933333 0.00859375 0.0138889
0 0.182422 0.694444 0.00703125 0.0111111
0 0.696094 0.0590278 0.009375 0.0125
0 0.293359 0.100694 0.00859375 0.0125
0 0.207031 0.764583 0.0078125 0.0125
0 0.781641 0.527778 0.0101562 0.0138889
0 0.171094 0.519444 0.0078125 0.0111111
0 0.878125 0.64375 0.009375 0.0125
0 0.316016 0.303472 0.00859375 0.0125
0 0.944141 0.638889 0.00859375 0.0111111
0 0.223438 0.796528 0.0078125 0.0125
0 0.520312 0.276389 0.0078125 0.0111111
0 0.242578 0.238889 0.00859375 0.0138889
0 0.4625 0.588889 0.009375 0.0138889
0 0.307422 0.235417 0.00859375 0.0125
0 0.477734 0.625694 0.00859375 0.0125
0 0.875781 0.194444 0.009375 0.0138889
0 0.499219 0.74375 0.009375 0.0125
0 0.666797 0.414583 0.00859375 0.0125
0 0.736328 0.26875 0.00859375 0.0125
0 0.358203 0.348611 0.00859375 0.0138889
0 0.225781 0.220139 0.0078125 0.0125
0 0.311328 0.899306 0.00859375 0.0152778
0 0.810156 0.747917 0.0078125 0.0125
0 0.500781 0.688889 0.009375 0.0111111
0 0.652344 0.296528 0.0078125 0.0125
0 0.395703 0.33125 0.00859375 0.0125
0 0.324609 0.629167 0.00859375 0.0111111
0 0.212109 0.56875 0.00859375 0.0125
0 0.635547 0.620139 0.00859375 0.0125
0 0.737891 0.363194 0.00859375 0.0125
0 0.764844 0.619444 0.009375 0.0138889
