0 0.992969 0.304861 0.009375 0.0152778
0 0.53125 0.140278 0.009375 0.0138889
0 0.262891 0.798611 0.00703125 0.0111111
0 0.883594 0.236111 0.0078125 0.0166667
0 0.941797 0.842361 0.00703125 0.0125
0 0.394531 0.527778 0.0078125 0.0111111
0 0.967188 0.630556 0.009375 0.0138889
0 0.534375 0.129167 0.0078125 0.0111111
0 0.532031 0.210417 0.0078125 0.0125
0 0.380859 0.738194 0.00859375 0.0125
0 0.561328 0.938889 0.00859375 0.0111111
0 0.103906 0.280556 0.009375 0.0111111
0 0.285156 0.953472 0.0078125 0.0125
0 0.211328 0.494444 0.00859375 0.0111111
0 0.567187 0.938194 0.0078125 0.0125
0 0.392578 0.725 0.00859375 0.0138889
0 0.203906 0.511111 0.0078125 0.0111111
0 0.991797 0.311111 0.00859375 0.0138889
0 0.510156 0.370833 0.009375 0.0138889
0 0.480859 0.300694 0.00859375 0.0125
0 0.831641 0.511806 0.00859375 0.0125
0 0.851172 0.354167 0.00859375 0.0138889
0 0.529688 0.142361 0.0078125 0.0125
0 0.386719 0.4 0.0078125 0.0111111
0 0.0691406 0.763889 0.00859375 0.0111111
0 0.912109 0.683333 0.00859375 0.0138889
0 0.968359 0.388194 0.0101562 0.0125
0 0.096875 0.931944 0.0078125 0.0138889
0 0.499609 0.06875 0.00859375 0.0125
0 0.425391 0.561806 0.00859375 0.0125
0 0.575781 0.288194 0.0078125 0.00972222
0 0.473047 0.36875 0.00859375 0.0125
0 0.517969 0.307639 0.0078125 0.00972222
0 0.755078 0.344444 0.00859375 0.0138889
0 0.702344 0.351389 0.0078125 0.0111111
0 0.473828 0.398611 0.00859375 0.0138889
0 0.4625 0.929861 0.0078125 0.0125
0 0.841797 0.292361 0.00859375 0.0125
0 0.373437 0.232639 0.0078125 0.0125
0 0.829297 0.119444 0.00703125 0.0111111
0 0.316406 0.275694 0.0078125 0.0125
0 0.617969 0.26875 0.0078125 0.0125
0 0.684766 0.0743056 0.00859375 0.0125
0 0.235547 0.154861 0.00859375 0.0125
0 0.461719 0.764583 0.009375 0.0152778
0 0.233203 0.463889 0.00703125 0.0111111
0 0.292969 0.733333 0.0078125 0.0111111
0 0.417969 0.306944 0.0078125 0.0111111
0 0.617969 0.327083 0.0078125 0.0125
0 0.152734 0.5125 0.00703125 0.0111111
0 0.842188 0.920139 0.0078125 0.0125
0 0.420312 0.128472 0.0078125 0.0125
0 0.340625 0.297222 0.0078125 0.0111111
0 0.376172 0.916667 0.00703125 0.0111111
0 0.228906 0.627083 0.0078125 0.0125
0 0.969141 0.205556 0.00859375 0.0111111
0 0.922266 0.219444 0.00859375 0.0138889
0 0.478516 0.501389 0.00859375 0.0111111
0 0.958203 0.564583 0.00859375 0.0125
0 0.525391 0.407639 0.00859375 0.0125
0 0.359766 0.721528 0.00859375 0.0125
0 0.90625 0.293056 0.009375 0.0138889
0 0.423438 0.795139 0.0078125 0.0125
0 0.659375 0.351389 0.009375 0.0138889
0 0.288672 0.50625 0.00859375 0.0125
0 0.377344 0.686111 0.0078125 0.0111111
0 0.34375 0.740278 0.0078125 0.0111111
0 0.628125 0.936806 0.0078125 0.0125
0 0.757031 0.836111 0.0078125 0.0111111
0 0.560547 0.388889 0.00859375 0.0111111
0 0.183594 0.733333 0.0078125 0.0111111
0 0.970703 0.427083 0.00859375 0.0125
0 0.689844 0.625 0.0078125 0.0138889
0 0.989062 0.672222 0.0078125 0.0138889
0 0.496875 0.906944 0.0078125 0.0138889
0 0.785937 0.472222 0.009375 0.0138889
0 0.861719 0.73125 0.0078125 0.0125
0 0.639844 0.738889 0.0078125 0.0111111
0 0.984375 0.484722 0.0078125 0.0138889
0 0.793359 0.833333 0.00859375 0.0138889
0 0.517578 0.694444 0.00859375 0.0138889
0 0.684766 0.417361 0.00859375 0.0152778
0 0.923828 0.626389 0.00859375 0.0138889
0 0.916016 0.428472 0.00859375 0.0125
0 0.966016 0.928472 0.00859375 0.0125
0 0.937109 0.548611 0.00859375 0.0138889
0 0.692578 0.790278 0.00859375 0.0138889
