0 0.633594 0.710417 0.0078125 0.0125
0 0.422266 0.992361 0.00703125 0.00972222
0 0.599219 0.0291667 0.0078125 0.0111111
0 0.746484 0.602083 0.00859375 0.0125
0 0.996875 0.770139 0.0046875 0.0152778
0 0.0933594 0.577083 0.00703125 0.00972222
0 0.703906 0.374306 0.0078125 0.0125
0 0.121484 0.194444 0.00859375 0.0138889
0 0.0824219 0.559722 0.00859375 0.0111111
0 0.915625 0.0611111 0.0078125 0.0111111
0 0.544922 0.00972222 0.00859375 0.0111111
0 0.350781 0.0138889 0.0078125 0.0111111
0 0.703906 0.379167 0.009375 0.0166667
0 0.278906 0.0277778 0.0078125 0.0111111
0 0.297656 0.0173611 0.0078125 0.00972222
0 0.847266 0.0520833 0.00859375 0.0125
0 0.04375 0.161806 0.0078125 0.0125
0 0.123828 0.206944 0.00859375 0.0138889
0 0.486328 0.986806 0.00703125 0.0125
0 0.773828 0.322222 0.0101562 0.0138889
0 0.829297 0.40625 0.00859375 0.0125
0 0.347266 0.26875 0.0101562 0.0125
0 0.717188 0.546528 0.0078125 0.0125
0 0.544531 0.08125 0.0078125 0.00972222
0 0.770703 0.289583 0.00859375 0.0125
0 0.957422 0.0451389 0.00859375 0.0125
0 0.450391 0.788889 0.00859375 0.0111111
0 0.605469 0.0618056 0.0078125 0.00972222
0 0.242578 0.940972 0.00859375 0.0125
0 0.960547 0.9 0.00859375 0.0138889
0 0.289062 0.0541667 0.0078125 0.0111111
0 0.787109 0.08125 0.00859375 0.0125
0 0.298438 0.935417 0.009375 0.0125
0 0.705859 0.384722 0.00859375 0.0138889
0 0.889844 0.0958333 0.009375 0.0111111
0 0.923828 0.409028 0.00859375 0.0125
0 0.0589844 0.598611 0.00703125 0.0111111
0 0.199219 0.345833 0.0078125 0.0111111
0 0.605078 0.986806 0.00859375 0.0125
0 0.126953 0.836806 0.00859375 0.0125
0 0.0792969 0.528472 0.00859375 0.0125
0 0.119531 0.496528 0.0078125 0.0125
0 0.441406 0.909028 0.0078125 0.0125
0 0.6625 0.220139 0.009375 0.0125
0 0.372656 0.0819444 0.0078125 0.0111111
0 0.401563 0.174306 0.0078125 0.0125
0 0.957422 0.209722 0.00859375 0.0138889
0 0.866406 0.588194 0.0078125 0.0125
0 0.517969 0.0673611 0.0078125 0.0125
0 0.380469 0.3125 0.0078125 0.0111111
0 0.453125 0.716667 0.0078125 0.0138889
0 0.367969 0.845833 0.0078125 0.0111111
0 0.951953 0.511806 0.00859375 0.0125
0 0.471875 0.19375 0.0078125 0.0125
0 0.822656 0.336806 0.009375 0.0125
0 0.178125 0.103472 0.0078125 0.0125
0 0.721094 0.490278 0.009375 0.0111111
0 0.88125 0.495139 0.009375 0.0125
0 0.626562 0.894444 0.0078125 0.0138889
0 0.56875 0.339583 0.009375 0.0125
0 0.319141 0.9125 0.00859375 0.0138889
0 0.346484 0.422917 0.00859375 0.0125
0 0.223438 0.7 0.0078125 0.0111111
0 0.134766 0.44375 0.00703125 0.0125
0 0.489844 0.951389 0.0078125 0.0111111
0 0.569922 0.823611 0.00859375 0.0138889
0 0.855469 0.761111 0.0078125 0.0111111
0 0.840234 0.397917 0.00859375 0.0125
0 0.564062 0.763889 0.0078125 0.0111111
0 0.886328 0.195833 0.00859375 0.0138889
0 0.804688 0.96875 0.0078125 0.0125
0 0.830859 0.707639 0.00859375 0.0125
0 0.961719 0.392361 0.009375 0.0125
0 0.425781 0.161111 0.0078125 0.0111111
0 0.394531 0.363889 0.0078125 0.0111111
0 0.630469 0.808333 0.0078125 0.0111111
0 0.722266 0.703472 0.00859375 0.0125
0 0.372266 0.664583 0.00859375 0.0125
0 0.246094 0.70625 0.0078125 0.00972222
0 0.208203 0.452778 0.00859375 0.0138889
0 0.851172 0.854167 0.00859375 0.0111111
0 0.539453 0.54375 0.00859375 0.0125
0 0.455469 0.854861 0.0078125 0.0125
0 0.647656 0.847222 0.009375 0.0138889
0 0.807813 0.222222 0.0078125 0.0138889
0 0.284766 0.207639 0.00859375 0.0125
0 0.166797 0.74375 0.00859375 0.0125
0 0.442187 0.379861 0.0078125 0.0125
0 0.440234 0.320139 0.00859375 0.0125
0 0.435547 0.543056 0.00859375 0.0138889
