0 0.219141 0.357639 0.00859375 0.0125
0 0.357812 0.777778 0.009375 0.0138889
0 0.426562 0.993056 0.009375 0.0111111
0 0.5125 0.511111 0.009375 0.0138889
0 0.728516 0.888889 0.00703125 0.0111111
0 0.396094 0.0611111 0.0078125 0.0111111
0 0.215234 0.0680556 0.00859375 0.0111111
0 0.809375 0.0368056 0.009375 0.0125
0 0.191016 0.653472 0.0101562 0.0152778
0 0.207813 0.0472222 0.0078125 0.0111111
0 0.252734 0.0118056 0.00859375 0.0125
0 0.996094 0.904861 0.00625 0.0152778
0 0.405078 0.189583 0.00859375 0.0152778
0 0.0730469 0.535417 0.00859375 0.0125
0 0.0785156 0.961806 0.00703125 0.0125
0 0.208594 0.23125 0.0078125 0.0125
0 0.909375 0.990972 0.009375 0.0125
0 0.0429688 0.684028 0.0078125 0.0125
0 0.276953 0.0354167 0.00859375 0.0125
0 0.307031 0.972222 0.0078125 0.0111111
0 0.724219 0.451389 0.009375 0.0166667
0 0.181641 0.0611111 0.00859375 0.0111111
0 0.3375 0.990278 0.009375 0.0111111
0 0.909766 0.179167 0.00859375 0.0138889
0 0.825391 0.530556 0.0101562 0.0166667
0 0.646094 0.223611 0.009375 0.0138889
0 0.0886719 0.102083 0.00859375 0.0125
0 0.807422 0.0604167 0.00859375 0.0125
0 0.684375 0.545139 0.009375 0.0152778
0 0.871484 0.00902778 0.00859375 0.0125
0 0.219531 0.933333 0.0078125 0.0111111
0 0.040625 0.0368056 0.0078125 0.0125
0 0.185547 0.961806 0.00859375 0.0125
0 0.353906 0.111111 0.0078125 0.0111111
0 0.0863281 0.592361 0.00859375 0.0125
0 0.296484 0.169444 0.00859375 0.0111111
0 0.995313 0.0652778 0.00625 0.0166667
0 0.665625 0.159028 0.009375 0.0152778
0 0.148828 0.170139 0.0101562 0.0152778
0 0.396875 0.902083 0.009375 0.0152778
0 0.685547 0.986111 0.00859375 0.0138889
0 0.670703 0.605556 0.0101562 0.0138889
0 0.160938 0.803472 0.0078125 0.0125
0 0.875781 0.945139 0.009375 0.0125
0 0.469922 0.909028 0.00859375 0.0125
0 0.675391 0.85 0.00859375 0.0111111
0 0.717969 0.370139 0.009375 0.0152778
0 0.672266 0.573611 0.00859375 0.0138889
0 0.208594 0.166667 0.0078125 0.0111111
0 0.697656 0.536806 0.009375 0.0152778
0 0.0976562 0.79375 0.0078125 0.0125
0 0.873828 0.191667 0.0101562 0.0138889
0 0.850781 0.835417 0.0078125 0.0125
0 0.594922 0.91875 0.00859375 0.0125
0 0.337109 0.723611 0.00859375 0.0138889
0 0.327734 0.813194 0.00859375 0.0125
0 0.516406 0.09375 0.0078125 0.0125
0 0.323828 0.188889 0.00859375 0.0138889
0 0.871094 0.522222 0.009375 0.0138889
0 0.898828 0.894444 0.00859375 0.0138889
0 0.896484 0.348611 0.0117188 0.0166667
0 0.93125 0.675 0.0078125 0.0138889
0 0.707812 0.894444 0.009375 0.0138889
0 0.519922 0.452778 0.00859375 0.0138889
0 0.135937 0.922917 0.0078125 0.0125
0 0.575391 0.75625 0.00859375 0.0125
0 0.507812 0.840972 0.0078125 0.0125
0 0.914844 0.454167 0.0078125 0.0138889
0 0.786328 0.793056 0.00859375 0.0111111
0 0.914844 0.922917 0.0078125 0.0125
0 0.778906 0.766667 0.0078125 0.0138889
0 0.828125 0.21875 0.0078125 0.0125
0 0.975781 0.216667 0.009375 0.0138889
0 0.242188 0.184028 0.009375 0.0125
0 0.269141 0.610417 0.00859375 0.0125
0 0.337891 0.372222 0.00859375 0.0138889
0 0.648047 0.871528 0.00859375 0.0125
0 0.834766 0.854167 0.00859375 0.0138889
0 0.885156 0.796528 0.0078125 0.0125
0 0.942969 0.791667 0.0109375 0.0166667
0 0.373828 0.728472 0.00859375 0.0125
0 0.854688 0.738194 0.009375 0.0125
0 0.637109 0.5125 0.00859375 0.0138889
0 0.448438 0.506944 0.009375 0.0138889
0 0.827734 0.617361 0.00859375 0.0125
0 0.938672 0.728472 0.00859375 0.0125
0 0.2 0.773611 0.0078125 0.0111111
0 0.972656 0.427778 0.009375 0.0138889
0 0.849609 0.457639 0.00859375 0.0125
0 0.458203 0.404861 0.00859375 0.0125
