0 0.661719 0.980556 0.009375 0.0194444
0 0.479297 0.00416667 0.00703125 0.00833333
0 0.307813 0.479861 0.00625 0.00972222
0 0.616016 0.813889 0.00703125 0.0166667
0 0.101562 0.131944 0.00625 0.00833333
0 0.260547 0.410417 0.00859375 0.0125
0 0.996875 0.352778 0.00625 0.0166667
0 0.523438 0.0131944 0.00625 0.00972222
0 0.668359 0.285417 0.00859375 0.0125
0 0.339453 0.450694 0.00703125 0.00972222
0 0.109766 0.280556 0.00703125 0.0111111
0 0.772266 0.978472 0.0101562 0.0152778
0 0.542188 0.00972222 0.0078125 0.0111111
0 0.780078 0.752778 0.00859375 0.0166667
0 0.635938 0.428472 0.009375 0.0125
0 0.319531 0.0770833 0.0078125 0.0125
0 0.142969 0.465278 0.0078125 0.0111111
0 0.982031 0.497917 0.009375 0.0152778
0 0.835156 0.864583 0.0078125 0.0125
0 0.362109 0.0541667 0.00859375 0.0138889
0 0.391797 0.0506944 0.00859375 0.0125
0 0.0789063 0.614583 0.0078125 0.0125
0 0.414453 0.550694 0.00859375 0.0125
0 0.103906 0.245139 0.0078125 0.00972222
0 0.910156 0.936111 0.009375 0.0138889
0 0.932422 0.893056 0.0101562 0.0138889
0 0.453906 0.268056 0.0078125 0.0138889
0 0.122656 0.123611 0.0078125 0.0111111
0 0.214453 0.322917 0.00859375 0.0125
0 0.0460938 0.720139 0.0078125 0.0125
0 0.413281 0.410417 0.0078125 0.0125
0 0.909766 0.220833 0.0101562 0.0138889
0 0.901953 0.127778 0.00859375 0.0111111
0 0.216016 0.0638889 0.00703125 0.0111111
0 0.584766 0.238889 0.00859375 0.0111111
0 0.931641 0.972917 0.00859375 0.0125
0 0.605469 0.204861 0.009375 0.0125
0 0.196875 0.1 0.0078125 0.0111111
0 0.821484 0.343056 0.00859375 0.0111111
0 0.154687 0.932639 0.0078125 0.0125
0 0.834766 0.375 0.00859375 0.0138889
0 0.238672 0.293056 0.00703125 0.0111111
0 0.124219 0.34375 0.0078125 0.0125
0 0.234375 0.801389 0.0078125 0.0111111
0 0.419531 0.897917 0.009375 0.0152778
0 0.283594 0.465972 0.0078125 0.0125
0 0.36875 0.6125 0.0078125 0.0111111
0 0.848047 0.157639 0.00859375 0.0125
0 0.383203 0.886111 0.00859375 0.0138889
0 0.523828 0.696528 0.00859375 0.0125
0 0.894922 0.757639 0.00859375 0.0125
0 0.652734 0.492361 0.00859375 0.0125
0 0.247656 0.34375 0.0078125 0.0125
0 0.746875 0.523611 0.009375 0.0138889
0 0.417969 0.229861 0.0078125 0.0125
0 0.386719 0.240972 0.0078125 0.0125
0 0.202344 0.650694 0.0078125 0.0125
0 0.469531 0.323611 0.0078125 0.0111111
0 0.867578 0.432639 0.00859375 0.0125
0 0.821484 0.234722 0.00859375 0.0138889
0 0.310547 0.132639 0.00859375 0.0125
0 0.691016 0.414583 0.00859375 0.0125
0 0.344141 0.792361 0.00859375 0.0125
0 0.275781 0.71875 0.0078125 0.0125
0 0.869922 0.171528 0.00859375 0.0125
0 0.906641 0.808333 0.00859375 0.0138889
0 0.723437 0.586111 0.009375 0.0138889
0 0.429688 0.296528 0.0078125 0.0125
0 0.651172 0.538889 0.00859375 0.0138889
0 0.163281 0.0451389 0.0078125 0.0125
0 0.223047 0.708333 0.00859375 0.0138889
0 0.437109 0.829861 0.00859375 0.0125
0 0.301172 0.172222 0.00859375 0.0111111
0 0.759766 0.13125 0.00859375 0.0125
0 0.560547 0.632639 0.00859375 0.0125
0 0.694922 0.340972 0.00859375 0.0125
0 0.258984 0.788194 0.00859375 0.0125
0 0.225781 0.169444 0.0078125 0.0111111
0 0.455859 0.597917 0.00859375 0.0125
0 0.217578 0.407639 0.00859375 0.0125
0 0.866797 0.232639 0.00859375 0.0125
0 0.685938 0.900694 0.009375 0.0125
0 0.865625 0.728472 0.0078125 0.0125
0 0.747656 0.240278 0.009375 0.0138889
0 0.434375 0.125694 0.009375 0.0125
0 0.494141 0.655556 0.00859375 0.0111111
0 0.533984 0.895139 0.00859375 0.0125
0 0.383984 0.581944 0.00859375 0.0138889
