0 0.717188 0.874306 0.009375 0.0152778
0 0.923047 0.00416667 0.00703125 0.00833333
0 0.178125 0.574306 0.009375 0.0125
0 0.862109 0.272917 0.00859375 0.0125
0 0.209766 0.342361 0.0117188 0.0125
0 0.171094 0.571528 0.009375 0.0125
0 0.353125 0.281944 0.009375 0.0138889
0 0.283203 0.00763889 0.00859375 0.00972222
0 0.186328 0.454861 0.00859375 0.0125
0 0.640625 0.5125 0.009375 0.0194444
0 0.25625 0.758333 0.0078125 0.0111111
0 0.224609 0.709722 0.00859375 0.0138889
0 0.709375 0.0986111 0.009375 0.0138889
0 0.0875 0.04375 0.0078125 0.0125
0 0.410547 0.627778 0.0101562 0.0138889
0 0.848828 0.281944 0.00859375 0.0138889
0 0.278906 0.142361 0.0078125 0.0125
0 0.826563 0.157639 0.009375 0.0152778
0 0.582422 0.974306 0.00859375 0.0152778
0 0.489844 0.311806 0.009375 0.0152778
0 0.680078 0.2125 0.00859375 0.0194444
0 0.245703 0.732639 0.0101562 0.0125
0 0.990234 0.9875 0.0101562 0.0138889
0 0.875781 0.815278 0.009375 0.0138889
0 0.878125 0.421528 0.009375 0.0152778
0 0.0574219 0.0736111 0.00703125 0.0111111
0 0.0398437 0.416667 0.0078125 0.0111111
0 0.813672 0.236806 0.00859375 0.0125
0 0.191016 0.480556 0.00859375 0.0111111
0 0.356641 0.159722 0.00859375 0.0138889
0 0.335547 0.328472 0.00859375 0.0125
0 0.351562 0.110417 0.009375 0.0125
0 0.901953 0.922917 0.0101562 0.0152778
0 0.655078 0.940972 0.00859375 0.0152778
0 0.974609 0.957639 0.00859375 0.0125
0 0.654688 0.9 0.009375 0.0138889
0 0.531641 0.3625 0.0101562 0.0138889
0 0.95 0.354861 0.009375 0.0152778
0 0.355859 0.0576389 0.00859375 0.0125
0 0.957422 0.375694 0.00859375 0.0152778
0 0.618359 0.49375 0.0101562 0.0208333
0 0.380078 0.281944 0.00859375 0.0138889
0 0.45625 0.0673611 0.0078125 0.0125
0 0.953516 0.275694 0.0117188 0.0152778
0 0.266406 0.0645833 0.0078125 0.0125
0 0.514063 0.534028 0.0078125 0.0152778
0 0.325391 0.352083 0.00859375 0.0125
0 0.494922 0.390972 0.00859375 0.0152778
0 0.933984 0.859722 0.0101562 0.0138889
0 0.778906 0.0416667 0.0078125 0.0111111
0 0.196094 0.588889 0.0078125 0.0111111
0 0.681641 0.0680556 0.00859375 0.0138889
0 0.610937 0.932639 0.0078125 0.0152778
0 0.824609 0.459028 0.00859375 0.0125
0 0.232422 0.784722 0.00859375 0.0111111
0 0.526563 0.589583 0.009375 0.0180556
0 0.839063 0.304861 0.009375 0.0152778
0 0.875391 0.472917 0.00859375 0.0125
0 0.438281 0.124306 0.0078125 0.0125
0 0.210938 0.251389 0.009375 0.0138889
0 0.378906 0.0256944 0.0078125 0.0125
0 0.7875 0.446528 0.009375 0.0152778
0 0.187891 0.695833 0.00703125 0.0111111
0 0.738672 0.270833 0.00859375 0.0138889
0 0.592578 0.878472 0.00859375 0.0152778
0 0.433203 0.0291667 0.00859375 0.0138889
0 0.907422 0.195139 0.00859375 0.0125
0 0.951563 0.634028 0.009375 0.0152778
0 0.795313 0.80625 0.009375 0.0125
0 0.185156 0.652778 0.0078125 0.0111111
0 0.470313 0.622917 0.009375 0.0152778
0 0.45 0.915278 0.009375 0.0138889
0 0.966797 0.0618056 0.00859375 0.0125
0 0.763672 0.406944 0.00859375 0.0138889
0 0.717578 0.295139 0.00859375 0.0125
0 0.598437 0.763889 0.0078125 0.0138889
0 0.4125 0.463889 0.0078125 0.0111111
0 0.833984 0.359722 0.00859375 0.0138889
0 0.752344 0.159722 0.009375 0.0138889
0 0.619141 0.373611 0.00859375 0.0138889
0 0.683984 0.536111 0.00859375 0.0166667
0 0.700781 0.273611 0.0078125 0.0138889
0 0.239844 0.544444 0.0078125 0.0111111
0 0.667969 0.13125 0.009375 0.0125
0 0.334375 0.513889 0.009375 0.0138889
0 0.285156 0.673611 0.0078125 0.0111111
0 0.651172 0.76875 0.00859375 0.0152778
