0 0.742188 0.534028 0.009375 0.0125
0 0.110937 0.285417 0.009375 0.0125
0 0.623438 0.00833333 0.0109375 0.0111111
0 0.177344 0.571528 0.0078125 0.0152778
0 0.887109 0.486806 0.00859375 0.0125
0 0.0207031 0.745833 0.00703125 0.0111111
0 0.746094 0.529861 0.009375 0.0125
0 0.0921875 0.702778 0.0078125 0.0111111
0 0.775781 0.363889 0.0078125 0.0111111
0 0.148438 0.345833 0.009375 0.0111111
0 0.230469 0.0958333 0.009375 0.0138889
0 0.958594 0.992361 0.0078125 0.00972222
0 0.81875 0.9 0.0078125 0.0138889
0 0.0902344 0.359722 0.00859375 0.0111111
0 0.922266 0.209722 0.00859375 0.0111111
0 0.277734 0.103472 0.00859375 0.0125
0 0.189063 0.390278 0.0078125 0.0111111
0 0.65 0.241667 0.009375 0.0138889
0 0.8375 0.269444 0.0078125 0.0138889
0 0.0734375 0.172917 0.0078125 0.00972222
0 0.435156 0.520833 0.0078125 0.0111111
0 0.955469 0.665278 0.0078125 0.0111111
0 0.927344 0.400694 0.0078125 0.0125
0 0.257422 0.203472 0.00859375 0.0125
0 0.217578 0.339583 0.00859375 0.0125
0 0.673047 0.740278 0.00859375 0.0138889
0 0.263281 0.354167 0.0078125 0.0138889
0 0.9 0.177083 0.0078125 0.0125
0 0.5 0.229861 0.0078125 0.0125
0 0.990625 0.970833 0.0078125 0.0111111
0 0.750391 0.527083 0.00859375 0.0125
0 0.530078 0.917361 0.00859375 0.0125
0 0.852734 0.276389 0.00703125 0.0111111
0 0.593359 0.895833 0.00859375 0.0138889
0 0.140625 0.248611 0.0078125 0.0111111
0 0.3875 0.829167 0.009375 0.0138889
0 0.733984 0.0743056 0.00859375 0.0125
0 0.936719 0.166667 0.0078125 0.0111111
0 0.600781 0.984028 0.0078125 0.0125
0 0.240234 0.706944 0.00703125 0.0111111
0 0.860547 0.567361 0.00859375 0.0125
0 0.636719 0.0770833 0.0078125 0.0125
0 0.293359 0.371528 0.00859375 0.0125
0 0.436719 0.94375 0.009375 0.0152778
0 0.641016 0.925694 0.00703125 0.0125
0 0.879687 0.125 0.0078125 0.0111111
0 0.492578 0.25625 0.00859375 0.0125
0 0.860547 0.495139 0.00859375 0.0125
0 0.889453 0.328472 0.00859375 0.0125
0 0.830469 0.757639 0.0078125 0.0125
0 0.306641 0.560417 0.00859375 0.0125
0 0.591797 0.796528 0.00859375 0.0125
0 0.869141 0.969444 0.00859375 0.0138889
0 0.652344 0.111806 0.0078125 0.0125
0 0.720703 0.547917 0.00859375 0.0125
0 0.359766 0.142361 0.00703125 0.0125
0 0.544531 0.754167 0.0078125 0.0111111
0 0.298047 0.499306 0.00859375 0.0125
0 0.929297 0.613194 0.00859375 0.0125
0 0.138281 0.46875 0.009375 0.0125
0 0.287109 0.585417 0.00859375 0.0125
0 0.307422 0.147917 0.00859375 0.0125
0 0.778516 0.406944 0.00859375 0.0138889
0 0.782031 0.577778 0.0078125 0.0111111
0 0.235547 0.459028 0.00703125 0.0125
0 0.364844 0.356944 0.009375 0.0138889
0 0.480078 0.205556 0.00703125 0.0111111
0 0.614062 0.771528 0.0078125 0.0125
0 0.396875 0.676389 0.0078125 0.0138889
0 0.397266 0.415972 0.00859375 0.0152778
0 0.772266 0.961806 0.00859375 0.0125
0 0.689453 0.722917 0.00859375 0.0125
0 0.719922 0.865278 0.00859375 0.0138889
0 0.432422 0.560417 0.00859375 0.0125
0 0.685547 0.390972 0.00859375 0.0125
0 0.585547 0.620139 0.00859375 0.0152778
0 0.578516 0.463194 0.00859375 0.0125
0 0.470703 0.825694 0.00859375 0.0125
0 0.463672 0.430556 0.00859375 0.0138889
0 0.658203 0.65 0.00859375 0.0138889
