0 0.530469 0.902083 0.009375 0.0180556
0 0.507422 0.220139 0.0101562 0.0125
0 0.825391 0.172222 0.00703125 0.0111111
0 0.723437 0.502778 0.0078125 0.0111111
0 0.849219 0.897222 0.009375 0.0138889
0 0.469531 0.5625 0.009375 0.0138889
0 0.316016 0.645139 0.00859375 0.0125
0 0.844531 0.884722 0.009375 0.0138889
0 0.408594 0.0444444 0.0078125 0.0138889
0 0.832031 0.397917 0.009375 0.0125
0 0.0722656 0.304167 0.00703125 0.0111111
0 0.247266 0.45625 0.00859375 0.0125
0 0.504687 0.215278 0.0109375 0.0138889
0 0.752344 0.0923611 0.009375 0.0125
0 0.773438 0.936806 0.009375 0.0125
0 0.194531 0.954167 0.0078125 0.0111111
0 0.408203 0.05 0.00859375 0.0111111
0 0.535156 0.868056 0.0078125 0.0138889
0 0.885156 0.793056 0.0078125 0.0111111
0 0.167578 0.359028 0.00859375 0.0125
0 0.946094 0.386111 0.0078125 0.0111111
0 0.0394531 0.127083 0.00703125 0.00972222
0 0.259375 0.0430556 0.0078125 0.0111111
0 0.2 0.26875 0.0078125 0.0125
0 0.293359 0.557639 0.00859375 0.0125
0 0.0515625 0.0375 0.0078125 0.0111111
0 0.155859 0.423611 0.00859375 0.0111111
0 0.476562 0.965278 0.0078125 0.0138889
0 0.4125 0.579861 0.009375 0.0152778
0 0.430859 0.139583 0.00859375 0.0125
0 0.271875 0.293056 0.009375 0.0138889
0 0.571484 0.953472 0.00859375 0.0125
0 0.772656 0.645139 0.009375 0.0125
0 0.377344 0.0930556 0.0078125 0.0111111
0 0.377734 0.122222 0.00859375 0.0111111
0 0.828906 0.197222 0.0078125 0.0111111
0 0.910937 0.686806 0.009375 0.0152778
0 0.746484 0.689583 0.00859375 0.0125
0 0.185547 0.272222 0.00859375 0.0138889
0 0.570703 0.925694 0.00859375 0.0125
0 0.321875 0.122917 0.0078125 0.00972222
0 0.0542969 0.445833 0.00703125 0.0111111
0 0.743359 0.445139 0.00859375 0.0125
0 0.703125 0.159028 0.009375 0.0125
0 0.397266 0.572917 0.00859375 0.0125
0 0.601953 0.95625 0.00859375 0.0125
0 0.909375 0.369444 0.0109375 0.0138889
0 0.527344 0.909028 0.0109375 0.0152778
0 0.709375 0.978472 0.0078125 0.0125
0 0.111719 0.592361 0.0078125 0.0125
0 0.146875 0.158333 0.0078125 0.0111111
0 0.2375 0.172222 0.0078125 0.0111111
0 0.8 0.164583 0.0078125 0.0125
0 0.534375 0.130556 0.0078125 0.0111111
0 0.69375 0.969444 0.009375 0.0138889
0 0.950781 0.86875 0.0078125 0.0125
0 0.323828 0.952778 0.00703125 0.0111111
0 0.322266 0.899306 0.00859375 0.0125
0 0.203516 0.408333 0.00703125 0.0111111
0 0.202734 0.0708333 0.00703125 0.0111111
0 0.775781 0.157639 0.0078125 0.0125
0 0.265625 0.0861111 0.0078125 0.0111111
0 0.930469 0.776389 0.0078125 0.0111111
0 0.301953 0.756944 0.00859375 0.0138889
0 0.1375 0.904861 0.0078125 0.0125
0 0.655078 0.197222 0.00859375 0.0111111
0 0.851562 0.405556 0.009375 0.0138889
0 0.955859 0.511806 0.00859375 0.0125
0 0.803125 0.436806 0.009375 0.0125
0 0.363672 0.709028 0.00859375 0.0125
0 0.962891 0.653472 0.00859375 0.0125
0 0.209766 0.950694 0.00859375 0.0125
0 0.981641 0.872222 0.00859375 0.0111111
0 0.583984 0.540278 0.00859375 0.0111111
0 0.179297 0.672222 0.00703125 0.0111111
0 0.160156 0.61875 0.0078125 0.0125
0 0.809375 0.947222 0.009375 0.0138889
0 0.349219 0.761111 0.0078125 0.0111111
0 0.228906 0.596528 0.0078125 0.0125
0 0.644922 0.230556 0.00859375 0.0111111
0 0.506641 0.470833 0.00859375 0.0111111
0 0.200391 0.70625 0.00859375 0.0125
0 0.573828 0.267361 0.00859375 0.0125
0 0.602734 0.578472 0.00859375 0.0125
0 0.258594 0.855556 0.0078125 0.0111111
0 0.478906 0.802083 0.0078125 0.0125
0 0.442187 0.420833 0.009375 0.0138889
0 0.605859 0.1625 0.00859375 0.0138889
0 0.579297 0.435417 0.00859375 0.0125
0 0.323438 0.793056 0.0078125 0.0111111
0 0.288281 0.638194 0.0078125 0.0125
