0 0.0488281 0.7875 0.00703125 0.0111111
0 0.160938 0.686111 0.0078125 0.0111111
0 0.751172 0.525694 0.00859375 0.0125
0 0.197266 0.316667 0.0101562 0.0111111
0 0.655078 0.429167 0.0101562 0.0138889
0 0.0800781 0.992361 0.00703125 0.00972222
0 0.295312 0.290278 0.009375 0.0111111
0 0.0460938 0.474306 0.0078125 0.00972222
0 0.773047 0.127778 0.00703125 0.0111111
0 0.143359 0.338194 0.00859375 0.00972222
0 0.902344 0.206944 0.009375 0.0111111
0 0.0882813 0.384722 0.0078125 0.0111111
0 0.492188 0.677083 0.0078125 0.0125
0 0.102734 0.363194 0.00859375 0.0125
0 0.360156 0.868056 0.0078125 0.0111111
0 0.101953 0.274306 0.00703125 0.00972222
0 0.127734 0.471528 0.00703125 0.00972222
0 0.222266 0.275694 0.00859375 0.0125
0 0.158203 0.600694 0.00859375 0.0125
0 0.429297 0.474306 0.0101562 0.0152778
0 0.146484 0.240278 0.00703125 0.0111111
0 0.025 0.544444 0.0078125 0.0111111
0 0.0792969 0.515972 0.00703125 0.0125
0 0.234766 0.39375 0.00859375 0.0125
0 0.256641 0.543056 0.00859375 0.0111111
0 0.205859 0.315278 0.00859375 0.0111111
0 0.380859 0.854861 0.0101562 0.0125
0 0.0285156 0.409028 0.00703125 0.0125
0 0.941406 0.370833 0.0109375 0.0138889
0 0.536719 0.761806 0.009375 0.0125
0 0.992969 0.276389 0.009375 0.0138889
0 0.802734 0.259028 0.0101562 0.0152778
0 0.2125 0.175 0.009375 0.0138889
0 0.748047 0.504167 0.00859375 0.0138889
0 0.951953 0.990972 0.00859375 0.0125
0 0.917188 0.0659722 0.0078125 0.0125
0 0.284375 0.0298611 0.009375 0.0125
0 0.967969 0.45625 0.009375 0.0125
0 0.944922 0.20625 0.00859375 0.0125
0 0.560156 0.0270833 0.0078125 0.0125
0 0.277734 0.355556 0.00859375 0.0111111
0 0.918359 0.967361 0.00859375 0.0125
0 0.715625 0.156944 0.0078125 0.0138889
0 0.273438 0.45625 0.0078125 0.0125
0 0.719922 0.0909722 0.00859375 0.0125
0 0.923047 0.211806 0.00859375 0.0125
0 0.982813 0.0479167 0.0078125 0.0125
0 0.860547 0.172222 0.00859375 0.0111111
0 0.727344 0.172222 0.0078125 0.0138889
0 0.96875 0.697222 0.009375 0.0138889
0 0.841016 0.372917 0.00859375 0.0125
0 0.410156 0.0611111 0.0078125 0.0138889
0 0.790625 0.929861 0.009375 0.0180556
0 0.310547 0.363194 0.00859375 0.0125
0 0.750391 0.207639 0.00859375 0.0125
0 0.422266 0.720139 0.00859375 0.0125
0 0.964844 0.641667 0.009375 0.0138889
0 0.457422 0.195833 0.00859375 0.0138889
0 0.564453 0.551389 0.00859375 0.0138889
0 0.96875 0.547917 0.009375 0.0125
0 0.647656 0.284722 0.009375 0.0138889
0 0.455859 0.561806 0.00859375 0.0125
0 0.784766 0.477778 0.00859375 0.0138889
0 0.867578 0.694444 0.00859375 0.0138889
0 0.673828 0.416667 0.00859375 0.0138889
