0 0.151562 0.1625 0.0078125 0.0111111
0 0.976562 0.909028 0.0078125 0.0125
0 0.255078 0.765972 0.00703125 0.0125
0 0.176563 0.96875 0.0078125 0.0125
0 0.248828 0.102778 0.00703125 0.0111111
0 0.0371094 0.865972 0.00703125 0.0125
0 0.282813 0.109722 0.00625 0.0111111
0 0.467969 0.415972 0.009375 0.0125
0 0.1125 0.793056 0.0078125 0.0111111
0 0.352734 0.0590278 0.00859375 0.0125
0 0.276172 0.720833 0.00703125 0.0111111
0 0.996094 0.451389 0.00625 0.0138889
0 0.225781 0.8 0.0078125 0.0111111
0 0.582812 0.273611 0.0109375 0.0138889
0 0.892578 0.142361 0.00859375 0.0125
0 0.733594 0.381944 0.009375 0.0111111
0 0.428516 0.719444 0.00703125 0.0111111
0 0.523438 0.0368056 0.009375 0.0125
0 0.178906 0.404167 0.0078125 0.0111111
0 0.280859 0.329861 0.00859375 0.0125
0 0.291016 0.6 0.00859375 0.0111111
0 0.396875 0.454861 0.009375 0.0125
0 0.458594 0.66875 0.0078125 0.0125
0 0.0976562 0.343056 0.0078125 0.0111111
0 0.313672 0.0972222 0.00859375 0.0111111
0 0.919922 0.0770833 0.00859375 0.0125
0 0.709375 0.0916667 0.009375 0.0138889
0 0.317578 0.327778 0.00859375 0.0111111
0 0.565234 0.369444 0.00859375 0.0111111
0 0.773828 0.500694 0.00859375 0.0125
0 0.787891 0.495139 0.00859375 0.0125
0 0.651172 0.254861 0.00859375 0.0125
0 0.691406 0.473611 0.0078125 0.0138889
0 0.450391 0.128472 0.00859375 0.0125
0 0.770312 0.176389 0.009375 0.0111111
0 0.530859 0.107639 0.00859375 0.0125
0 0.181641 0.260417 0.00859375 0.0125
0 0.440625 0.410417 0.0078125 0.0125
0 0.49375 0.568056 0.0078125 0.0111111
0 0.696094 0.763194 0.0078125 0.0125
0 0.326172 0.253472 0.00859375 0.0125
0 0.451953 0.0513889 0.00703125 0.0111111
0 0.848047 0.329861 0.00859375 0.0125
0 0.253906 0.301389 0.0078125 0.0138889
0 0.194531 0.641667 0.0078125 0.0111111
0 0.910547 0.283333 0.00859375 0.0138889
0 0.686328 0.425694 0.00859375 0.0125
0 0.277344 0.559028 0.0078125 0.0125
0 0.475781 0.538194 0.0078125 0.0125
0 0.690625 0.243056 0.0078125 0.0111111
0 0.517187 0.135417 0.0078125 0.0125
0 0.401563 0.594444 0.0078125 0.0111111
0 0.667969 0.916667 0.009375 0.0138889
0 0.730078 0.490278 0.00703125 0.0111111
0 0.732422 0.334028 0.00859375 0.0125
0 0.383984 0.136806 0.00859375 0.0125
0 0.904688 0.835417 0.0078125 0.0125
0 0.981641 0.607639 0.00859375 0.0125
0 0.925781 0.585417 0.0078125 0.0125
0 0.528906 0.679861 0.0078125 0.0125
0 0.778125 0.407639 0.009375 0.0180556
0 0.227734 0.197917 0.00859375 0.0125
0 0.5125 0.624306 0.0078125 0.0125
0 0.887891 0.440972 0.00859375 0.0125
0 0.810547 0.375694 0.00859375 0.0125
0 0.536719 0.821528 0.0078125 0.0125
0 0.459766 0.348611 0.00859375 0.0138889
0 0.617188 0.170139 0.0078125 0.0125
0 0.833594 0.447222 0.0078125 0.0138889
0 0.591016 0.197917 0.00859375 0.0125
0 0.984766 0.835417 0.00859375 0.0152778
0 0.666406 0.472222 0.0078125 0.0138889
0 0.555469 0.476389 0.0078125 0.0138889
