0 0.214453 0.327778 0.00703125 0.0111111
0 0.582422 0.20625 0.00859375 0.0125
0 0.749609 0.740278 0.00859375 0.0111111
0 0.140625 0.306944 0.0078125 0.0111111
0 0.641797 0.669444 0.00859375 0.0111111
0 0.542578 0.331944 0.00859375 0.0138889
0 0.997266 0.404167 0.00546875 0.0166667
0 0.854688 0.0958333 0.0109375 0.0138889
0 0.242578 0.775 0.00859375 0.0138889
0 0.466016 0.147222 0.00703125 0.0111111
0 0.970703 0.601389 0.00859375 0.0138889
0 0.610937 0.09375 0.009375 0.0125
0 0.615234 0.303472 0.00859375 0.0125
0 0.304688 0.703472 0.0078125 0.0125
0 0.991406 0.186111 0.009375 0.0138889
0 0.967188 0.583333 0.0078125 0.0138889
0 0.53125 0.6625 0.009375 0.0138889
0 0.162109 0.288889 0.00859375 0.0111111
0 0.750391 0.00972222 0.00859375 0.0111111
0 0.258203 0.434722 0.00859375 0.0111111
0 0.122266 0.926389 0.00703125 0.0111111
0 0.544141 0.325694 0.00859375 0.0125
0 0.198437 0.383333 0.0078125 0.0111111
0 0.341016 0.513889 0.00859375 0.0111111
0 0.410156 0.709028 0.0078125 0.0125
0 0.096875 0.788889 0.0078125 0.0111111
0 0.892578 0.416667 0.00859375 0.0138889
0 0.149219 0.2125 0.0078125 0.0111111
0 0.383984 0.971528 0.00859375 0.0125
0 0.155469 0.641667 0.0078125 0.0111111
0 0.228516 0.211806 0.00859375 0.0125
0 0.229687 0.836111 0.0078125 0.0111111
0 0.711328 0.910417 0.00859375 0.0152778
0 0.114063 0.00972222 0.0078125 0.0111111
0 0.246094 0.0958333 0.0078125 0.0138889
0 0.382422 0.123611 0.00703125 0.0111111
0 0.623047 0.09375 0.00859375 0.0125
0 0.653906 0.617361 0.0078125 0.0125
0 0.594531 0.0888889 0.0078125 0.0111111
0 0.958984 0.536111 0.00859375 0.0138889
0 0.807422 0.396528 0.00859375 0.0152778
0 0.270312 0.485417 0.0078125 0.00972222
0 0.26875 0.929167 0.0078125 0.0111111
0 0.428906 0.459722 0.0078125 0.0111111
0 0.730078 0.627778 0.00859375 0.0111111
0 0.725391 0.65 0.00859375 0.0138889
0 0.939453 0.0402778 0.00859375 0.0111111
0 0.418359 0.710417 0.00859375 0.0125
0 0.267578 0.644444 0.00703125 0.0111111
0 0.721484 0.116667 0.0101562 0.0166667
0 0.05625 0.753472 0.0078125 0.0125
0 0.752734 0.105556 0.00859375 0.0111111
0 0.25625 0.504167 0.0078125 0.0111111
0 0.571875 0.880556 0.009375 0.0138889
0 0.171875 0.834028 0.0078125 0.0125
0 0.901953 0.414583 0.00859375 0.0125
0 0.287891 0.184722 0.00859375 0.0111111
0 0.405469 0.444444 0.0078125 0.0111111
0 0.364844 0.0902778 0.0078125 0.0111111
0 0.951172 0.414583 0.00859375 0.0125
0 0.657031 0.642361 0.0078125 0.0125
0 0.614844 0.0444444 0.0078125 0.0111111
0 0.452344 0.557639 0.0078125 0.0125
0 0.560547 0.260417 0.00859375 0.0125
0 0.419141 0.632639 0.00859375 0.0125
0 0.662109 0.33125 0.00859375 0.0152778
0 0.784766 0.0486111 0.00859375 0.0138889
0 0.444922 0.503472 0.00859375 0.0125
0 0.308984 0.208333 0.00859375 0.0111111
0 0.414062 0.597222 0.0078125 0.0111111
0 0.927734 0.597917 0.00859375 0.0125
0 0.239844 0.407639 0.0078125 0.0125
0 0.874219 0.690972 0.009375 0.0152778
0 0.9375 0.443056 0.0078125 0.0138889
0 0.683203 0.351389 0.00859375 0.0138889
0 0.582422 0.863889 0.00859375 0.0138889
0 0.323828 0.757639 0.00859375 0.0125
0 0.462109 0.925 0.00859375 0.0111111
0 0.696094 0.617361 0.0078125 0.0125
0 0.483203 0.497917 0.00859375 0.0125
0 0.557422 0.20625 0.00859375 0.0125
0 0.662109 0.757639 0.00859375 0.0152778
0 0.5 0.793056 0.0078125 0.0111111
0 0.452734 0.399306 0.00859375 0.0125
0 0.942578 0.9375 0.00859375 0.0138889
0 0.723828 0.830556 0.00859375 0.0138889
0 0.756641 0.542361 0.00859375 0.0125
0 0.479688 0.563194 0.0078125 0.0125
0 0.634766 0.803472 0.00859375 0.0125
0 0.511719 0.575694 0.0078125 0.0125
0 0.94375 0.789583 0.009375 0.0152778
0 0.862891 0.407639 0.00859375 0.0125
0 0.853125 0.749306 0.0078125 0.0125
0 0.764453 0.873611 0.00859375 0.0138889
0 0.857813 0.526389 0.0109375 0.0166667
0 0.817578 0.549306 0.00859375 0.0125
0 0.749219 0.650694 0.0078125 0.0125
0 0.616016 0.534028 0.00859375 0.0125
