0 0.266016 0.220139 0.0101562 0.0125
0 0.767187 0.0930556 0.0078125 0.0111111
0 0.0394531 0.602778 0.00703125 0.0111111
0 0.102344 0.716667 0.00625 0.0111111
0 0.0367187 0.879861 0.0078125 0.0152778
0 0.0816406 0.534722 0.00703125 0.0111111
0 0.705469 0.599306 0.0109375 0.0152778
0 0.233203 0.272222 0.00859375 0.0138889
0 0.155859 0.985417 0.00859375 0.0125
0 0.323438 0.484722 0.0078125 0.0138889
0 0.277734 0.949306 0.00859375 0.0125
0 0.728906 0.103472 0.0078125 0.0125
0 0.188281 0.933333 0.0078125 0.0111111
0 0.138672 0.597917 0.00859375 0.0125
0 0.837109 0.931944 0.00859375 0.0138889
0 0.278516 0.838889 0.00703125 0.0138889
0 0.127734 0.522222 0.00703125 0.0111111
0 0.257422 0.0680556 0.00859375 0.0111111
0 0.616406 0.0361111 0.0078125 0.0111111
0 0.0554687 0.544444 0.0078125 0.0111111
0 0.651172 0.0180556 0.00859375 0.0111111
0 0.153125 0.251389 0.0078125 0.0111111
0 0.887891 0.147917 0.00703125 0.00972222
0 0.229297 0.691667 0.00703125 0.0111111
0 0.505078 0.385417 0.00859375 0.0125
0 0.313281 0.451389 0.009375 0.0138889
0 0.317578 0.916667 0.00859375 0.0138889
0 0.739062 0.107639 0.0078125 0.0125
0 0.794141 0.821528 0.00859375 0.0152778
0 0.701953 0.0243056 0.00703125 0.0125
0 0.129688 0.129167 0.0078125 0.0111111
0 0.880078 0.195139 0.00859375 0.0152778
0 0.81875 0.534722 0.009375 0.0166667
0 0.135937 0.722917 0.0078125 0.0125
0 0.180469 0.616667 0.0078125 0.0111111
0 0.976172 0.503472 0.0101562 0.0180556
0 0.283984 0.185417 0.00703125 0.0125
0 0.824609 0.276389 0.00859375 0.0138889
0 0.625 0.556944 0.009375 0.0138889
0 0.254687 0.930556 0.009375 0.0138889
0 0.714063 0.729167 0.0078125 0.0138889
0 0.700781 0.682639 0.009375 0.0152778
0 0.523438 0.240972 0.0078125 0.0125
0 0.5875 0.164583 0.0078125 0.00972222
0 0.871484 0.977083 0.00859375 0.0125
0 0.300781 0.367361 0.009375 0.0125
0 0.967969 0.0770833 0.0078125 0.0125
0 0.501562 0.416667 0.0078125 0.0111111
0 0.968359 0.748611 0.00859375 0.0111111
0 0.679688 0.179167 0.0078125 0.0111111
0 0.236719 0.716667 0.0078125 0.0138889
0 0.271484 0.542361 0.00859375 0.0125
0 0.569141 0.273611 0.00859375 0.0138889
0 0.283984 0.148611 0.00703125 0.0111111
0 0.214844 0.436806 0.009375 0.0125
0 0.442187 0.484028 0.0078125 0.0125
0 0.267578 0.797222 0.00859375 0.0138889
0 0.45 0.427083 0.0078125 0.0125
0 0.776563 0.270833 0.0078125 0.0138889
0 0.667188 0.30625 0.0078125 0.0125
0 0.669141 0.836111 0.00859375 0.0138889
0 0.256641 0.321528 0.00859375 0.0125
0 0.583594 0.0930556 0.0078125 0.0138889
0 0.866016 0.770833 0.00859375 0.0138889
0 0.638281 0.640972 0.009375 0.0152778
0 0.339453 0.702778 0.00859375 0.0138889
0 0.840234 0.557639 0.00859375 0.0152778
0 0.523828 0.43125 0.00859375 0.0125
0 0.691797 0.377778 0.00859375 0.0138889
