0 0.343359 0.317361 0.0101562 0.0152778
0 0.942969 0.745139 0.009375 0.0152778
0 0.289453 0.122222 0.00859375 0.0111111
0 0.507422 0.558333 0.0101562 0.0138889
0 0.362891 0.901389 0.00703125 0.0111111
0 0.308984 0.286806 0.00859375 0.0125
0 0.501953 0.470833 0.00859375 0.0111111
0 0.975391 0.388889 0.00859375 0.0138889
0 0.207813 0.643056 0.0078125 0.0111111
0 0.367969 0.227083 0.009375 0.0125
0 0.996484 0.820833 0.00703125 0.0166667
0 0.639453 0.779167 0.00859375 0.0138889
0 0.280078 0.209722 0.00859375 0.0111111
0 0.278125 0.89375 0.0078125 0.00972222
0 0.210156 0.85625 0.0078125 0.00972222
0 0.350391 0.518056 0.00859375 0.0111111
0 0.165625 0.147917 0.0078125 0.0125
0 0.15 0.11875 0.0078125 0.0125
0 0.873047 0.971528 0.00859375 0.0125
0 0.153125 0.893056 0.0078125 0.0111111
0 0.212891 0.286806 0.00859375 0.00972222
0 0.723047 0.75625 0.0101562 0.0152778
0 0.871875 0.911111 0.009375 0.0138889
0 0.485156 0.215972 0.0078125 0.0125
0 0.473047 0.715278 0.00859375 0.0111111
0 0.36875 0.397222 0.009375 0.0111111
0 0.995313 0.522917 0.00625 0.0125
0 0.308594 0.615278 0.009375 0.0111111
0 0.655859 0.00486111 0.00859375 0.00972222
0 0.549219 0.895139 0.0109375 0.0125
0 0.25 0.282639 0.009375 0.0125
0 0.360156 0.0340278 0.009375 0.0125
0 0.412891 0.759028 0.0101562 0.0125
0 0.8625 0.45625 0.009375 0.0125
0 0.194141 0.432639 0.00859375 0.0125
0 0.966016 0.325 0.00859375 0.0138889
0 0.110156 0.382639 0.0078125 0.0125
0 0.375 0.861111 0.0078125 0.0111111
0 0.447656 0.663889 0.009375 0.0138889
0 0.851172 0.19375 0.00859375 0.0152778
0 0.812109 0.0527778 0.00703125 0.0111111
0 0.894141 0.454861 0.00859375 0.0125
0 0.119531 0.495833 0.0078125 0.0111111
0 0.398828 0.525694 0.0101562 0.0125
0 0.896094 0.491667 0.009375 0.0138889
0 0.852344 0.53125 0.0078125 0.0125
0 0.736328 0.13125 0.00859375 0.0125
0 0.835547 0.622917 0.00859375 0.0125
0 0.502344 0.378472 0.0078125 0.0125
0 0.956641 0.185417 0.00859375 0.0125
0 0.901563 0.652083 0.0078125 0.0125
0 0.507812 0.335417 0.009375 0.0152778
0 0.970703 0.947917 0.00859375 0.0125
0 0.974609 0.26875 0.00859375 0.0125
0 0.930078 0.249306 0.00859375 0.0125
0 0.671875 0.713194 0.009375 0.0125
0 0.845312 0.844444 0.009375 0.0138889
0 0.821094 0.541667 0.009375 0.0138889
0 0.705078 0.122917 0.00859375 0.0125
0 0.979688 0.34375 0.0078125 0.0125
0 0.459766 0.0881944 0.00859375 0.0125
0 0.532422 0.174306 0.00859375 0.0125
0 0.794531 0.7375 0.009375 0.0138889
0 0.619922 0.654861 0.0101562 0.0152778
0 0.614453 0.0298611 0.00859375 0.0125
0 0.963672 0.864583 0.00859375 0.0125
0 0.532812 0.245139 0.0078125 0.0125
0 0.646875 0.895833 0.009375 0.0138889
0 0.553516 0.485417 0.00859375 0.0125
0 0.434375 0.284722 0.0078125 0.0138889
0 0.791406 0.266667 0.0078125 0.0138889
0 0.703906 0.199306 0.0078125 0.0125
