0 0.496484 0.308333 0.00859375 0.0111111
0 0.551562 0.433333 0.009375 0.0138889
0 0.3375 0.0236111 0.0078125 0.0111111
0 0.302734 0.0958333 0.00859375 0.0111111
0 0.632031 0.0541667 0.009375 0.0138889
0 0.552734 0.439583 0.00859375 0.0152778
0 0.383984 0.891667 0.00859375 0.0111111
0 0.480859 0.0840278 0.00859375 0.0125
0 0.417578 0.303472 0.00859375 0.0125
0 0.547656 0.398611 0.009375 0.0111111
0 0.490625 0.833333 0.009375 0.0111111
0 0.101953 0.624306 0.00859375 0.0125
0 0.555078 0.449306 0.0101562 0.0125
0 0.315625 0.841667 0.0078125 0.0111111
0 0.255469 0.104167 0.0078125 0.0111111
0 0.543359 0.396528 0.0101562 0.0125
0 0.257812 0.274306 0.0109375 0.0125
0 0.210938 0.0354167 0.0078125 0.0125
0 0.449219 0.484722 0.0078125 0.0111111
0 0.257031 0.524306 0.009375 0.0125
0 0.442578 0.244444 0.00859375 0.0111111
0 0.285156 0.729861 0.0078125 0.0125
0 0.494922 0.338194 0.00859375 0.0125
0 0.144531 0.597222 0.009375 0.0111111
0 0.801172 0.210417 0.0101562 0.0152778
0 0.382031 0.342361 0.009375 0.0125
0 0.5625 0.0534722 0.0078125 0.0125
0 0.400391 0.830556 0.00859375 0.0111111
0 0.378516 0.126389 0.00859375 0.0111111
0 0.305469 0.145139 0.009375 0.0125
0 0.248828 0.583333 0.00859375 0.0111111
0 0.739844 0.963194 0.0078125 0.0125
0 0.169531 0.854167 0.0078125 0.0111111
0 0.448828 0.202083 0.00859375 0.0125
0 0.430859 0.472222 0.00859375 0.0111111
0 0.2375 0.218056 0.009375 0.0111111
0 0.989062 0.178472 0.0078125 0.0125
0 0.233203 0.827778 0.00859375 0.0111111
0 0.267969 0.703472 0.0078125 0.0125
0 0.907812 0.108333 0.009375 0.0138889
0 0.154297 0.179167 0.00703125 0.0111111
0 0.34375 0.618056 0.0078125 0.0111111
0 0.473437 0.175 0.0078125 0.0111111
0 0.166406 0.527778 0.0078125 0.0111111
0 0.342187 0.407639 0.009375 0.0125
0 0.440234 0.558333 0.00859375 0.0111111
0 0.535156 0.525694 0.009375 0.0125
0 0.0574219 0.541667 0.00859375 0.0111111
0 0.603125 0.221528 0.009375 0.0125
0 0.0960938 0.205556 0.0078125 0.0111111
0 0.804297 0.869444 0.00859375 0.0138889
0 0.963672 0.9125 0.00859375 0.0138889
0 0.978516 0.317361 0.00859375 0.0125
0 0.6625 0.143056 0.0078125 0.0111111
0 0.990625 0.661111 0.009375 0.0138889
0 0.739453 0.922917 0.00859375 0.0125
0 0.794531 0.552083 0.0078125 0.0125
0 0.848047 0.895139 0.0101562 0.0152778
0 0.0910156 0.663194 0.00859375 0.0125
0 0.246094 0.44375 0.009375 0.0125
0 0.638672 0.140972 0.00703125 0.0125
0 0.724609 0.347917 0.00859375 0.0125
0 0.919922 0.2125 0.00859375 0.0138889
0 0.723828 0.708333 0.00859375 0.0138889
0 0.989453 0.372222 0.00859375 0.0138889
0 0.610937 0.641667 0.0078125 0.0138889
0 0.480469 0.70625 0.0109375 0.0180556
0 0.948828 0.801389 0.00859375 0.0138889
0 0.932422 0.526389 0.00859375 0.0138889
0 0.891797 0.834722 0.00859375 0.0138889
0 0.6625 0.510417 0.0078125 0.0125
0 0.645703 0.651389 0.0101562 0.0138889
0 0.788672 0.657639 0.0101562 0.0180556
