0 0.183203 0.241667 0.00859375 0.0111111
0 0.150781 0.579167 0.0078125 0.0111111
0 0.162891 0.863889 0.0101562 0.0138889
0 0.475781 0.913194 0.0078125 0.0125
0 0.165234 0.858333 0.0101562 0.0138889
0 0.563281 0.748611 0.009375 0.0138889
0 0.0960938 0.659722 0.0078125 0.0111111
0 0.997266 0.958333 0.00546875 0.0194444
0 0.177344 0.420833 0.0078125 0.0111111
0 0.145313 0.505556 0.0078125 0.0111111
0 0.15 0.225 0.0078125 0.0111111
0 0.141797 0.381944 0.00703125 0.0111111
0 0.561328 0.56875 0.00859375 0.0125
0 0.133203 0.2 0.00703125 0.0111111
0 0.297266 0.00972222 0.00703125 0.0111111
0 0.641797 0.965972 0.00859375 0.0125
0 0.485938 0.0131944 0.009375 0.0125
0 0.596094 0.971528 0.0078125 0.0125
0 0.501562 0.0902778 0.0078125 0.0111111
0 0.863281 0.156944 0.0078125 0.0111111
0 0.243359 0.489583 0.00703125 0.0125
0 0.398047 0.0284722 0.00859375 0.0125
0 0.442187 0.0791667 0.0078125 0.0111111
0 0.444922 0.297222 0.00859375 0.0111111
0 0.516797 0.30625 0.00859375 0.0125
0 0.439453 0.0305556 0.00859375 0.0111111
0 0.941016 0.905556 0.0101562 0.0166667
0 0.596484 0.879861 0.00859375 0.0125
0 0.578516 0.0611111 0.00859375 0.0111111
0 0.179297 0.886806 0.0101562 0.0125
0 0.538281 0.178472 0.0078125 0.00972222
0 0.564844 0.113194 0.0078125 0.0125
0 0.897266 0.0493056 0.00859375 0.0125
0 0.857031 0.0729167 0.009375 0.0125
0 0.246875 0.447917 0.009375 0.0125
0 0.400781 0.322917 0.0078125 0.0125
0 0.746094 0.605556 0.0109375 0.0194444
0 0.185937 0.692361 0.0078125 0.0125
0 0.517578 0.273611 0.00859375 0.0138889
0 0.315234 0.375694 0.00859375 0.0125
0 0.355859 0.436111 0.00859375 0.0138889
0 0.715625 0.503472 0.009375 0.0125
0 0.827344 0.807639 0.0078125 0.0152778
0 0.544141 0.463194 0.00859375 0.0125
0 0.285937 0.240278 0.0078125 0.0111111
0 0.833984 0.933333 0.00859375 0.0138889
0 0.382422 0.811111 0.0101562 0.0138889
0 0.571094 0.929861 0.0078125 0.0125
0 0.409766 0.690278 0.00859375 0.0111111
0 0.521875 0.834722 0.009375 0.0138889
0 0.769141 0.851389 0.00859375 0.0138889
0 0.530469 0.684028 0.0078125 0.0125
0 0.449609 0.51875 0.00859375 0.0125
0 0.594141 0.257639 0.00859375 0.0125
0 0.526563 0.426389 0.0078125 0.0138889
0 0.434766 0.393056 0.0101562 0.0138889
0 0.492578 0.780556 0.00859375 0.0138889
0 0.957031 0.886111 0.009375 0.0138889
0 0.321094 0.545833 0.009375 0.0138889
0 0.4 0.576389 0.0078125 0.0138889
0 0.611328 0.761111 0.00859375 0.0138889
0 0.574609 0.395139 0.00859375 0.0125
0 0.908203 0.472917 0.00859375 0.0125
0 0.812891 0.386111 0.00859375 0.0111111
