0 0.344531 0.261806 0.009375 0.0125
0 0.339063 0.957639 0.0078125 0.0125
0 0.345703 0.448611 0.0101562 0.0138889
0 0.0550781 0.924306 0.00859375 0.0125
0 0.795313 0.0145833 0.0078125 0.0125
0 0.464063 0.701389 0.0078125 0.0138889
0 0.18125 0.8625 0.0109375 0.0138889
0 0.217187 0.809722 0.0078125 0.0138889
0 0.234766 0.711111 0.00859375 0.0111111
0 0.178516 0.866667 0.0117188 0.0138889
0 0.243359 0.810417 0.00859375 0.0125
0 0.167187 0.365278 0.0078125 0.0111111
0 0.744141 0.961806 0.00859375 0.0125
0 0.0386719 0.915972 0.00703125 0.0125
0 0.207031 0.903472 0.0078125 0.0125
0 0.391016 0.264583 0.00859375 0.0125
0 0.974609 0.772222 0.00859375 0.0138889
0 0.198437 0.0673611 0.0078125 0.0125
0 0.25 0.113194 0.0078125 0.0125
0 0.232422 0.0951389 0.00859375 0.0125
0 0.873438 0.53125 0.009375 0.0152778
0 0.590234 0.0402778 0.00703125 0.0111111
0 0.467578 0.657639 0.00859375 0.0125
0 0.515625 0.0888889 0.0078125 0.0111111
0 0.900781 0.0444444 0.0078125 0.0111111
0 0.529297 0.977778 0.00703125 0.0111111
0 0.740234 0.463194 0.0117188 0.0152778
0 0.231641 0.752083 0.00859375 0.0125
0 0.344141 0.453472 0.00859375 0.0125
0 0.341016 0.0611111 0.00703125 0.0111111
0 0.653125 0.954861 0.0078125 0.0125
0 0.214453 0.766667 0.00859375 0.0111111
0 0.288672 0.7 0.00859375 0.0111111
0 0.644531 0.174306 0.0078125 0.0125
0 0.410937 0.228472 0.0078125 0.0125
0 0.521484 0.228472 0.00859375 0.0125
0 0.520703 0.0215278 0.00859375 0.0125
0 0.644141 0.914583 0.00859375 0.0125
0 0.176172 0.922917 0.00859375 0.0125
0 0.353516 0.484028 0.00859375 0.0125
0 0.254297 0.420833 0.00859375 0.0111111
0 0.980859 0.229167 0.00859375 0.0138889
0 0.240625 0.242361 0.0078125 0.0125
0 0.386328 0.197222 0.00703125 0.0111111
0 0.448828 0.6 0.00703125 0.0111111
0 0.959375 0.0701389 0.0078125 0.0125
0 0.830859 0.0805556 0.00859375 0.0111111
0 0.136719 0.132639 0.0078125 0.0125
0 0.397656 0.172222 0.0078125 0.0111111
0 0.795313 0.884028 0.0078125 0.0152778
0 0.728516 0.315972 0.00859375 0.0125
0 0.325 0.625694 0.009375 0.0125
0 0.535156 0.944444 0.0078125 0.0138889
0 0.673047 0.525694 0.00859375 0.0125
0 0.624609 0.727083 0.00859375 0.0125
0 0.56875 0.374306 0.0078125 0.0125
0 0.977344 0.602083 0.0078125 0.0125
0 0.801172 0.222917 0.0101562 0.0152778
0 0.414062 0.652083 0.009375 0.0152778
0 0.571094 0.884722 0.0078125 0.0111111
0 0.981641 0.865278 0.00859375 0.0138889
0 0.781641 0.665972 0.00859375 0.0125
0 0.495703 0.353472 0.00859375 0.0125
0 0.626953 0.535417 0.00859375 0.0125
0 0.298828 0.607639 0.00859375 0.0125
0 0.96875 0.316667 0.009375 0.0138889
0 0.552344 0.703472 0.0078125 0.0125
0 0.951563 0.283333 0.009375 0.0138889
0 0.735547 0.639583 0.00859375 0.0125
0 0.723828 0.70625 0.00859375 0.0125
0 0.938672 0.392361 0.00859375 0.0125
0 0.537891 0.595833 0.00859375 0.0138889
0 0.916797 0.558333 0.00859375 0.0138889
0 0.586719 0.527083 0.0078125 0.0125
0 0.874609 0.815972 0.00859375 0.0125
