0 0.841016 0.161111 0.00859375 0.0111111
0 0.31875 0.0576389 0.0078125 0.0125
0 0.222266 0.643056 0.00859375 0.0138889
0 0.562109 0.795833 0.00859375 0.0138889
0 0.912109 0.00555556 0.0101562 0.0111111
0 0.0625 0.0416667 0.0078125 0.0111111
0 0.078125 0.696528 0.0078125 0.0125
0 0.573828 0.447222 0.0132813 0.0194444
0 0.724609 0.0347222 0.00859375 0.0111111
0 0.994922 0.986806 0.00703125 0.0125
0 0.263281 0.317361 0.009375 0.0180556
0 0.501953 0.945139 0.00859375 0.0125
0 0.566016 0.0118056 0.00859375 0.0125
0 0.993359 0.229861 0.00859375 0.0125
0 0.739844 0.796528 0.009375 0.0125
0 0.0589844 0.238194 0.00703125 0.0125
0 0.731641 0.204167 0.00859375 0.0111111
0 0.426953 0.884028 0.00859375 0.0125
0 0.994922 0.321528 0.00703125 0.0125
0 0.502734 0.920139 0.00859375 0.0125
0 0.525 0.477778 0.009375 0.0138889
0 0.0132813 0.513194 0.0078125 0.0152778
0 0.164844 0.189583 0.0078125 0.0125
0 0.177344 0.332639 0.0078125 0.0125
0 0.595312 0.175 0.0078125 0.0111111
0 0.285937 0.946528 0.009375 0.0125
0 0.851172 0.19375 0.00859375 0.0125
0 0.267188 0.947222 0.009375 0.0111111
0 0.197656 0.446528 0.0078125 0.0125
0 0.232031 0.0805556 0.0078125 0.0111111
0 0.795703 0.329861 0.00859375 0.0152778
0 0.535547 0.0159722 0.00859375 0.0125
0 0.675391 0.0319444 0.00859375 0.0111111
0 0.916797 0.213194 0.00859375 0.0125
0 0.397266 0.0604167 0.00859375 0.0125
0 0.141016 0.370139 0.00859375 0.0125
0 0.248828 0.761806 0.00859375 0.0125
0 0.538672 0.514583 0.00859375 0.0125
0 0.261328 0.509722 0.0101562 0.0138889
0 0.904297 0.361111 0.00859375 0.0111111
0 0.782031 0.695833 0.009375 0.0138889
0 0.703516 0.298611 0.00859375 0.0138889
0 0.348047 0.6 0.0101562 0.0138889
0 0.821484 0.822917 0.00859375 0.0125
0 0.684375 0.315278 0.0078125 0.0111111
0 0.0289063 0.827083 0.0078125 0.0125
0 0.925 0.240972 0.009375 0.0125
0 0.845312 0.534028 0.009375 0.0125
0 0.539062 0.713194 0.0078125 0.0125
0 0.65 0.436111 0.009375 0.0138889
0 0.171094 0.651389 0.0078125 0.0111111
0 0.792188 0.440972 0.0078125 0.0125
0 0.907031 0.934028 0.009375 0.0152778
0 0.542969 0.68125 0.0078125 0.0125
0 0.103125 0.861806 0.0078125 0.0125
0 0.912891 0.673611 0.0117188 0.0166667
0 0.629297 0.131944 0.00859375 0.0111111
0 0.307422 0.19375 0.00859375 0.0125
0 0.392969 0.253472 0.009375 0.0125
0 0.921484 0.354167 0.00859375 0.0138889
0 0.151562 0.659028 0.009375 0.0125
0 0.751562 0.844444 0.0078125 0.0111111
0 0.500391 0.75 0.00859375 0.0111111
0 0.957031 0.275694 0.0078125 0.0125
0 0.340625 0.4 0.0078125 0.0111111
0 0.774219 0.463889 0.0078125 0.0111111
0 0.85625 0.764583 0.0078125 0.0125
0 0.306641 0.307639 0.00859375 0.0125
0 0.455859 0.286806 0.00859375 0.0125
0 0.730859 0.892361 0.00859375 0.0125
0 0.38125 0.497917 0.0078125 0.0125
0 0.712109 0.601389 0.00859375 0.0138889
0 0.692187 0.686806 0.0078125 0.0125
0 0.540234 0.227778 0.00859375 0.0138889
0 0.927344 0.418056 0.0078125 0.0111111
0 0.272266 0.782639 0.00859375 0.0125
0 0.735937 0.341667 0.009375 0.0138889
0 0.581641 0.608333 0.0101562 0.0138889
0 0.448828 0.465972 0.00859375 0.0125
0 0.710547 0.652083 0.00859375 0.0125
