0 0.890234 0.943056 0.00703125 0.0138889
0 0.301562 0.555556 0.0109375 0.0166667
0 0.942969 0.532639 0.0078125 0.0125
0 0.292578 0.549306 0.00859375 0.0125
0 0.632422 0.881944 0.0101562 0.0194444
0 0.626562 0.142361 0.009375 0.0125
0 0.330078 0.375 0.00859375 0.0138889
0 0.724609 0.250694 0.0101562 0.0125
0 0.552344 0.230556 0.009375 0.0138889
0 0.996875 0.525694 0.0046875 0.0125
0 0.589453 0.0125 0.0101562 0.0111111
0 0.874609 0.99375 0.00859375 0.00972222
0 0.944922 0.528472 0.00859375 0.0125
0 0.605078 0.0145833 0.00859375 0.00972222
0 0.0582031 0.744444 0.00859375 0.0138889
0 0.929297 0.995139 0.00703125 0.00972222
0 0.0261719 0.975 0.00703125 0.0138889
0 0.0941406 0.172917 0.00703125 0.00972222
0 0.649219 0.0847222 0.0078125 0.0111111
0 0.322656 0.447917 0.009375 0.0152778
0 0.0238281 0.611111 0.00859375 0.0111111
0 0.911719 0.0263889 0.009375 0.0111111
0 0.632031 0.888194 0.009375 0.0152778
0 0.302734 0.561806 0.0101562 0.0152778
0 0.936328 0.610417 0.00859375 0.0125
0 0.131641 0.461111 0.00703125 0.0111111
0 0.178516 0.13125 0.00703125 0.00972222
0 0.584375 0.3625 0.009375 0.0138889
0 0.433203 0.951389 0.00703125 0.0111111
0 0.425391 0.975694 0.00859375 0.0125
0 0.108203 0.0673611 0.00703125 0.0125
0 0.784766 0.413889 0.00859375 0.0138889
0 0.0625 0.927778 0.0078125 0.0138889
0 0.807422 0.664583 0.00859375 0.0125
0 0.773047 0.136806 0.00859375 0.0125
0 0.257031 0.0381944 0.0078125 0.0125
0 0.235156 0.372222 0.0078125 0.0111111
0 0.430859 0.758333 0.00859375 0.0138889
0 0.0375 0.392361 0.0078125 0.0125
0 0.619531 0.0756944 0.009375 0.0152778
0 0.800781 0.10625 0.009375 0.0125
0 0.900781 0.174306 0.009375 0.0125
0 0.474609 0.0736111 0.00859375 0.0111111
0 0.262891 0.581944 0.00859375 0.0138889
0 0.727344 0.600694 0.009375 0.0125
0 0.342578 0.377778 0.00859375 0.0138889
0 0.765234 0.518056 0.00859375 0.0111111
0 0.402344 0.885417 0.0078125 0.0125
0 0.250391 0.441667 0.00859375 0.0138889
0 0.234375 0.708333 0.0078125 0.0111111
0 0.505859 0.06875 0.00859375 0.0125
0 0.448047 0.891667 0.00859375 0.0138889
0 0.434766 0.884722 0.00859375 0.0138889
0 0.180859 0.722917 0.00859375 0.0125
0 0.582812 0.957639 0.0078125 0.0125
0 0.919531 0.779167 0.009375 0.0138889
0 0.350781 0.808333 0.0078125 0.0111111
0 0.141797 0.263194 0.00703125 0.0125
0 0.497266 0.922222 0.0117188 0.0166667
0 0.898828 0.597917 0.00859375 0.0125
0 0.818359 0.321528 0.00859375 0.0125
0 0.898438 0.297917 0.009375 0.0125
0 0.269141 0.630556 0.00859375 0.0138889
0 0.982422 0.604861 0.00859375 0.0125
0 0.259375 0.958333 0.009375 0.0138889
0 0.651953 0.242361 0.00859375 0.0125
0 0.284766 0.495139 0.00859375 0.0125
0 0.916016 0.497222 0.00859375 0.0138889
0 0.791797 0.810417 0.00859375 0.0125
0 0.141016 0.598611 0.00859375 0.0138889
0 0.594531 0.474306 0.009375 0.0152778
0 0.616406 0.245139 0.009375 0.0125
0 0.560156 0.551389 0.009375 0.0138889
0 0.674609 0.759028 0.00859375 0.0125
0 0.503906 0.4625 0.009375 0.0138889
0 0.516016 0.51875 0.00859375 0.0125
0 0.318359 0.642361 0.00859375 0.0125
0 0.710938 0.439583 0.0078125 0.0125
