0 0.214453 0.777083 0.00859375 0.00972222
0 0.291797 0.918056 0.00703125 0.0111111
0 0.387891 0.686806 0.00859375 0.0152778
0 0.0933594 0.684722 0.00859375 0.0111111
0 0.402344 0.00902778 0.009375 0.00972222
0 0.607422 0.0548611 0.00859375 0.0125
0 0.0625 0.0805556 0.00625 0.0111111
0 0.328125 0.794444 0.009375 0.0111111
0 0.176563 0.55 0.0078125 0.0111111
0 0.335547 0.188889 0.00859375 0.0138889
0 0.317187 0.0625 0.0078125 0.0111111
0 0.589453 0.620833 0.0101562 0.0138889
0 0.485156 0.109028 0.0078125 0.0125
0 0.391797 0.682639 0.00859375 0.0125
0 0.100391 0.689583 0.00859375 0.0125
0 0.137109 0.665278 0.00703125 0.0111111
0 0.369141 0.958333 0.00859375 0.0111111
0 0.0875 0.746528 0.009375 0.0125
0 0.790234 0.340278 0.00859375 0.0166667
0 0.338281 0.302778 0.009375 0.0138889
0 0.271094 0.907639 0.0078125 0.0125
0 0.279297 0.0229167 0.00859375 0.0125
0 0.996094 0.686806 0.00625 0.0152778
0 0.836719 0.532639 0.0078125 0.0125
0 0.336328 0.928472 0.00703125 0.0125
0 0.237891 0.370833 0.00859375 0.0111111
0 0.855469 0.784028 0.009375 0.0125
0 0.787891 0.370833 0.00859375 0.0138889
0 0.38125 0.34375 0.009375 0.0125
0 0.521875 0.611806 0.009375 0.0125
0 0.115234 0.472917 0.00703125 0.00972222
0 0.323047 0.2625 0.00859375 0.0111111
0 0.387891 0.588194 0.00859375 0.0125
0 0.473437 0.0527778 0.0078125 0.0111111
0 0.385156 0.2125 0.009375 0.0111111
0 0.431641 0.105556 0.00859375 0.0111111
0 0.221875 0.434028 0.0078125 0.0125
0 0.330469 0.325 0.009375 0.0138889
0 0.282422 0.64375 0.00859375 0.0125
0 0.885547 0.926389 0.0101562 0.0138889
0 0.743359 0.715972 0.00859375 0.0125
0 0.385547 0.694444 0.00859375 0.0138889
0 0.762109 0.678472 0.00859375 0.0152778
0 0.739844 0.425694 0.0078125 0.0125
0 0.148828 0.252083 0.00703125 0.00972222
0 0.356641 0.222222 0.00859375 0.0111111
0 0.952734 0.582639 0.00859375 0.0152778
0 0.194531 0.196528 0.0078125 0.0125
0 0.355859 0.486806 0.00859375 0.0125
0 0.70625 0.856944 0.009375 0.0138889
0 0.0671875 0.195833 0.0078125 0.0111111
0 0.839453 0.564583 0.00859375 0.0125
0 0.877344 0.05 0.0078125 0.0138889
0 0.389062 0.856944 0.0078125 0.0138889
0 0.892578 0.904167 0.00859375 0.0138889
0 0.375781 0.374306 0.0078125 0.0125
0 0.901953 0.307639 0.00859375 0.0125
0 0.619922 0.249306 0.00859375 0.0125
0 0.958984 0.959722 0.00859375 0.0138889
0 0.644922 0.0923611 0.00859375 0.0125
0 0.303906 0.1125 0.0078125 0.0111111
0 0.850391 0.146528 0.00859375 0.0125
0 0.902344 0.0743056 0.0078125 0.0125
0 0.643359 0.64375 0.00859375 0.0125
0 0.660937 0.172917 0.009375 0.0125
0 0.544531 0.597917 0.0078125 0.0125
0 0.655469 0.96875 0.0078125 0.0125
0 0.812109 0.889583 0.00859375 0.0125
0 0.864453 0.195139 0.00859375 0.0125
0 0.735547 0.452778 0.00859375 0.0138889
0 0.386719 0.515972 0.0078125 0.0125
0 0.728125 0.365972 0.0078125 0.0125
0 0.805859 0.620833 0.00859375 0.0138889
0 0.908984 0.551389 0.00859375 0.0138889
0 0.611328 0.154861 0.00859375 0.0125
0 0.724609 0.838889 0.00859375 0.0138889
0 0.629687 0.375694 0.0078125 0.0125
0 0.530859 0.796528 0.00859375 0.0125
0 0.754297 0.777083 0.00859375 0.0125
0 0.962109 0.549306 0.00859375 0.0125
0 0.636328 0.8375 0.00859375 0.0138889
