0 0.103516 0.499306 0.00859375 0.00972222
0 0.915234 0.99375 0.00859375 0.0125
0 0.889453 0.15 0.00859375 0.0138889
0 0.119922 0.531944 0.00703125 0.0111111
0 0.969922 0.41875 0.00859375 0.0152778
0 0.890234 0.144444 0.00703125 0.0111111
0 0.781641 0.675 0.00859375 0.0138889
0 0.889844 0.180556 0.0078125 0.0138889
0 0.196484 0.658333 0.00703125 0.0111111
0 0.162891 0.0486111 0.00703125 0.0111111
0 0.698047 0.688194 0.00859375 0.0152778
0 0.642187 0.623611 0.0109375 0.0138889
0 0.834375 0.240278 0.0078125 0.0111111
0 0.719922 0.104167 0.0101562 0.0138889
0 0.151562 0.374306 0.0078125 0.00972222
0 0.392578 0.0784722 0.00859375 0.0125
0 0.858984 0.843056 0.00859375 0.0166667
0 0.983203 0.547222 0.00859375 0.0138889
0 0.914062 0.0104167 0.009375 0.0125
0 0.9125 0.99375 0.0078125 0.00972222
0 0.538281 0.175694 0.0078125 0.0125
0 0.252344 0.238889 0.0078125 0.0111111
0 0.639063 0.622222 0.009375 0.0138889
0 0.130078 0.365972 0.00859375 0.0125
0 0.666797 0.0597222 0.00703125 0.0111111
0 0.95625 0.508333 0.009375 0.0138889
0 0.267188 0.653472 0.0078125 0.00972222
0 0.516406 0.711806 0.009375 0.0152778
0 0.727734 0.0354167 0.00703125 0.0125
0 0.397656 0.727083 0.0078125 0.0125
0 0.939062 0.0701389 0.0078125 0.0125
0 0.349609 0.0548611 0.00703125 0.0125
0 0.884375 0.834722 0.0078125 0.0138889
0 0.817187 0.127778 0.0078125 0.0111111
0 0.359766 0.0152778 0.00859375 0.0111111
0 0.934375 0.778472 0.0078125 0.0152778
0 0.240625 0.609722 0.0078125 0.0111111
0 0.317578 0.510417 0.00859375 0.0125
0 0.771484 0.655556 0.00859375 0.0138889
0 0.655859 0.132639 0.00859375 0.0125
0 0.848828 0.829167 0.00859375 0.0166667
0 0.898438 0.416667 0.009375 0.0111111
0 0.968359 0.945139 0.00859375 0.0152778
0 0.241016 0.501389 0.00859375 0.0111111
0 0.866406 0.0840278 0.0078125 0.0125
0 0.85625 0.607639 0.009375 0.0125
0 0.685547 0.358333 0.00859375 0.0138889
0 0.669141 0.692361 0.00859375 0.0125
0 0.664062 0.967361 0.009375 0.0152778
0 0.262109 0.497917 0.00859375 0.0125
0 0.947266 0.36875 0.00859375 0.0125
0 0.790234 0.809722 0.00859375 0.0138889
0 0.651953 0.627778 0.00859375 0.0111111
0 0.474609 0.68125 0.0101562 0.0180556
0 0.924219 0.949306 0.009375 0.0152778
0 0.853125 0.108333 0.0078125 0.0138889
0 0.339844 0.186806 0.0078125 0.0125
0 0.796094 0.779167 0.009375 0.0138889
0 0.784375 0.504167 0.0078125 0.0138889
0 0.466406 0.0909722 0.0078125 0.0125
0 0.512109 0.667361 0.00859375 0.0152778
0 0.650391 0.850694 0.00859375 0.0152778
0 0.437891 0.470139 0.00859375 0.0125
0 0.494141 0.190278 0.00859375 0.0138889
0 0.369922 0.302778 0.00859375 0.0138889
0 0.535937 0.540278 0.009375 0.0138889
0 0.4125 0.126389 0.0078125 0.0111111
0 0.712109 0.638194 0.00859375 0.0125
0 0.875781 0.413889 0.0078125 0.0111111
0 0.5375 0.127083 0.0078125 0.0125
0 0.769922 0.740278 0.00859375 0.0138889
