0 0.508594 0.902083 0.009375 0.0152778
0 0.834375 0.911806 0.0078125 0.0152778
0 0.151172 0.0701389 0.00703125 0.00972222
0 0.160938 0.810417 0.0078125 0.0125
0 0.219141 0.878472 0.00859375 0.00972222
0 0.997266 0.733333 0.00546875 0.0222222
0 0.192188 0.695139 0.0078125 0.0125
0 0.189844 0.76875 0.0078125 0.00972222
0 0.708203 0.222917 0.0101562 0.0152778
0 0.516406 0.0833333 0.009375 0.0111111
0 0.751172 0.480556 0.0101562 0.0166667
0 0.730859 0.0319444 0.0101562 0.0138889
0 0.05625 0.794444 0.0078125 0.0138889
0 0.263672 0.215972 0.00859375 0.0125
0 0.471484 0.890972 0.00703125 0.0125
0 0.599609 0.0534722 0.00859375 0.0125
0 0.254687 0.204861 0.0078125 0.0125
0 0.9 0.0840278 0.0078125 0.0125
0 0.188281 0.208333 0.0078125 0.0111111
0 0.194922 0.654167 0.00703125 0.0111111
0 0.154687 0.30625 0.0078125 0.00972222
0 0.216016 0.105556 0.00703125 0.0111111
0 0.689453 0.0243056 0.00859375 0.0125
0 0.892187 0.102083 0.0078125 0.0125
0 0.461328 0.26875 0.0101562 0.0125
0 0.370703 0.120833 0.00703125 0.0111111
0 0.122266 0.589583 0.00859375 0.0125
0 0.203125 0.189583 0.0078125 0.0125
0 0.167969 0.752778 0.0078125 0.0111111
0 0.56875 0.129861 0.009375 0.0125
0 0.636328 0.441667 0.00859375 0.0138889
0 0.0765625 0.819444 0.009375 0.0138889
0 0.586719 0.595139 0.009375 0.0125
0 0.928516 0.361806 0.00859375 0.0125
0 0.455859 0.407639 0.0101562 0.0180556
0 0.108594 0.260417 0.0078125 0.0125
0 0.913281 0.857639 0.009375 0.0152778
0 0.225781 0.292361 0.0078125 0.0125
0 0.334766 0.147222 0.00859375 0.0138889
0 0.357812 0.532639 0.0078125 0.0152778
0 0.933594 0.684722 0.009375 0.0138889
0 0.969922 0.0979167 0.00859375 0.0125
0 0.986719 0.888194 0.009375 0.0152778
0 0.60625 0.152083 0.0078125 0.0125
0 0.923437 0.5 0.009375 0.0138889
0 0.405078 0.149306 0.00859375 0.0125
0 0.613672 0.894444 0.00859375 0.0138889
0 0.394922 0.28125 0.00703125 0.0125
0 0.885938 0.272222 0.009375 0.0138889
0 0.755078 0.727083 0.0117188 0.0152778
0 0.661328 0.777083 0.00703125 0.0125
0 0.405859 0.634722 0.00859375 0.0138889
0 0.31875 0.677083 0.0078125 0.0125
0 0.535156 0.889583 0.0109375 0.0152778
0 0.286719 0.659028 0.009375 0.0180556
0 0.360938 0.774306 0.0078125 0.0125
0 0.912109 0.371528 0.00859375 0.0125
0 0.826953 0.782639 0.00859375 0.0152778
0 0.335547 0.497917 0.00859375 0.0125
0 0.578516 0.565972 0.00859375 0.0125
0 0.446484 0.633333 0.00859375 0.0138889
0 0.960156 0.659722 0.009375 0.0166667
0 0.557422 0.680556 0.00859375 0.0138889
0 0.9625 0.939583 0.009375 0.0152778
0 0.460156 0.477778 0.0078125 0.0138889
0 0.498047 0.565278 0.00859375 0.0138889
