0 0.153125 0.45 0.0078125 0.0111111
0 0.174609 0.29375 0.00703125 0.0125
0 0.337891 0.747222 0.0117188 0.0111111
0 0.427734 0.490278 0.00859375 0.0111111
0 0.689062 0.0270833 0.0078125 0.0125
0 0.675391 0.0159722 0.0101562 0.0152778
0 0.710547 0.125 0.00859375 0.0111111
0 0.126172 0.384722 0.00703125 0.0111111
0 0.212891 0.0708333 0.00703125 0.0111111
0 0.914453 0.2625 0.00859375 0.0138889
0 0.613281 0.829167 0.009375 0.0138889
0 0.345313 0.747222 0.0078125 0.0111111
0 0.172656 0.622917 0.0078125 0.00972222
0 0.176563 0.122917 0.0078125 0.0125
0 0.351172 0.677778 0.00703125 0.0111111
0 0.641406 0.977083 0.0078125 0.0152778
0 0.206641 0.3125 0.00703125 0.0111111
0 0.416797 0.94375 0.00859375 0.0125
0 0.258203 0.244444 0.00703125 0.0111111
0 0.286719 0.09375 0.0078125 0.0125
0 0.96875 0.394444 0.0078125 0.0138889
0 0.222266 0.211111 0.00703125 0.0138889
0 0.608203 0.810417 0.00859375 0.0125
0 0.797266 0.638194 0.00859375 0.0152778
0 0.703125 0.327083 0.009375 0.0125
0 0.265234 0.363889 0.00703125 0.0111111
0 0.641406 0.0625 0.0078125 0.0138889
0 0.334375 0.261806 0.0078125 0.0125
0 0.336719 0.507639 0.0078125 0.0125
0 0.704297 0.307639 0.00859375 0.0125
0 0.301172 0.538194 0.00703125 0.0125
0 0.830859 0.925694 0.00859375 0.0152778
0 0.928516 0.290278 0.00859375 0.0138889
0 0.949219 0.111111 0.009375 0.0138889
0 0.334375 0.747222 0.009375 0.0138889
0 0.750391 0.714583 0.00859375 0.0125
0 0.638281 0.758333 0.0078125 0.0138889
0 0.402344 0.529167 0.0078125 0.0111111
0 0.278125 0.238889 0.0078125 0.0111111
0 0.312891 0.930556 0.00859375 0.0111111
0 0.472266 0.497917 0.00859375 0.0152778
0 0.487891 0.2 0.00703125 0.0111111
0 0.542969 0.866667 0.0078125 0.0111111
0 0.286719 0.190278 0.0078125 0.0111111
0 0.796484 0.935417 0.00859375 0.0152778
0 0.796875 0.7375 0.009375 0.0138889
0 0.8125 0.309722 0.009375 0.0138889
0 0.346484 0.470833 0.00703125 0.0111111
0 0.628906 0.848611 0.0078125 0.0111111
0 0.585547 0.245139 0.0101562 0.0180556
0 0.84375 0.495139 0.009375 0.0152778
0 0.339844 0.425 0.0078125 0.0138889
0 0.536328 0.697917 0.00859375 0.0125
0 0.732031 0.908333 0.0078125 0.0138889
0 0.533984 0.594444 0.00859375 0.0138889
0 0.930469 0.945833 0.009375 0.0166667
0 0.812109 0.874306 0.00859375 0.0125
0 0.555859 0.542361 0.00859375 0.0125
0 0.537109 0.138889 0.00859375 0.0138889
0 0.86875 0.840972 0.009375 0.0125
0 0.599609 0.465972 0.00859375 0.0125
0 0.596875 0.740972 0.0078125 0.0125
