0 0.466406 0.588194 0.0078125 0.0125
0 0.635156 0.727083 0.009375 0.0125
0 0.169141 0.51875 0.00859375 0.00972222
0 0.428906 0.414583 0.009375 0.0152778
0 0.274219 0.442361 0.009375 0.0125
0 0.782422 0.21875 0.00859375 0.0152778
0 0.740234 0.365278 0.00859375 0.0111111
0 0.610156 0.697222 0.009375 0.0111111
0 0.177734 0.452083 0.00859375 0.0125
0 0.376563 0.0333333 0.009375 0.0111111
0 0.526563 0.506944 0.009375 0.0138889
0 0.125781 0.751389 0.0078125 0.0111111
0 0.934375 0.670139 0.009375 0.0125
0 0.0859375 0.4625 0.0078125 0.0111111
0 0.688672 0.923611 0.0101562 0.0138889
0 0.135937 0.025 0.0078125 0.0111111
0 0.675391 0.930556 0.0101562 0.0138889
0 0.783594 0.207639 0.0078125 0.0125
0 0.78125 0.225694 0.0078125 0.0125
0 0.00703125 0.590278 0.0078125 0.0138889
0 0.364844 0.960417 0.0078125 0.00972222
0 0.377344 0.14375 0.009375 0.0125
0 0.371875 0.773611 0.0078125 0.0138889
0 0.8625 0.938889 0.009375 0.0138889
0 0.122266 0.240278 0.00859375 0.0111111
0 0.389062 0.941667 0.0078125 0.0111111
0 0.476562 0.598611 0.0078125 0.0111111
0 0.792578 0.805556 0.0101562 0.0138889
0 0.977734 0.875 0.00859375 0.0138889
0 0.537109 0.340972 0.00703125 0.0125
0 0.349609 0.0979167 0.00703125 0.0125
0 0.560156 0.0118056 0.009375 0.0125
0 0.194922 0.257639 0.00859375 0.0125
0 0.912109 0.351389 0.0101562 0.0138889
0 0.946484 0.107639 0.00859375 0.0125
0 0.730859 0.247222 0.00859375 0.0111111
0 0.882031 0.320833 0.009375 0.0166667
0 0.760938 0.0659722 0.0078125 0.0125
0 0.417969 0.182639 0.0078125 0.0125
0 0.396875 0.244444 0.0078125 0.0111111
0 0.527344 0.365278 0.0078125 0.0111111
0 0.192578 0.613194 0.00859375 0.0125
0 0.459375 0.0923611 0.0078125 0.0125
0 0.126172 0.340278 0.00859375 0.0111111
0 0.353516 0.785417 0.00859375 0.0125
0 0.346484 0.461111 0.00859375 0.0111111
0 0.946094 0.938194 0.009375 0.0125
0 0.305078 0.329861 0.00859375 0.0125
0 0.523438 0.200694 0.0078125 0.0125
0 0.559375 0.70625 0.009375 0.0125
0 0.387891 0.447917 0.00859375 0.0125
0 0.541406 0.0618056 0.0078125 0.0125
0 0.500781 0.307639 0.0078125 0.0125
0 0.564453 0.259722 0.00859375 0.0111111
0 0.592578 0.204861 0.00703125 0.0125
0 0.59375 0.386806 0.0078125 0.0125
0 0.540625 0.4625 0.0078125 0.0111111
0 0.5625 0.340278 0.0078125 0.0111111
0 0.7375 0.281944 0.0078125 0.0111111
0 0.730859 0.572917 0.00859375 0.0125
0 0.789844 0.486806 0.0078125 0.0125
0 0.313672 0.563889 0.00859375 0.0111111
0 0.640625 0.295139 0.0078125 0.0125
0 0.888672 0.620139 0.00859375 0.0125
0 0.653906 0.645139 0.0078125 0.0125
0 0.712891 0.706944 0.00859375 0.0138889
0 0.359766 0.673611 0.00859375 0.0138889
