0 0.201953 0.410417 0.00859375 0.0152778
0 0.551562 0.377778 0.009375 0.0111111
0 0.0625 0.0909722 0.0078125 0.0125
0 0.462109 0.0215278 0.00859375 0.0125
0 0.747656 0.726389 0.0078125 0.0111111
0 0.202734 0.415278 0.00859375 0.0138889
0 0.661719 0.197917 0.0078125 0.0152778
0 0.712891 0.950694 0.00859375 0.0125
0 0.199219 0.404167 0.0078125 0.0138889
0 0.764453 0.460417 0.0101562 0.0180556
0 0.836328 0.00416667 0.00859375 0.00833333
0 0.178125 0.00416667 0.0078125 0.00833333
0 0.100781 0.579861 0.0078125 0.00972222
0 0.704687 0.527778 0.0078125 0.0138889
0 0.0992187 0.652778 0.0078125 0.0111111
0 0.569922 0.929167 0.0101562 0.0138889
0 0.2375 0.494444 0.0078125 0.0111111
0 0.233984 0.532639 0.00703125 0.0125
0 0.071875 0.392361 0.0078125 0.0125
0 0.801172 0.195833 0.00859375 0.0111111
0 0.55625 0.0458333 0.0078125 0.0111111
0 0.96875 0.994444 0.0078125 0.0111111
0 0.258203 0.827083 0.00859375 0.0125
0 0.638672 0.497917 0.00859375 0.0125
0 0.950391 0.744444 0.00859375 0.0138889
0 0.176953 0.64375 0.00703125 0.0125
0 0.870313 0.445139 0.009375 0.0125
0 0.594922 0.606944 0.00703125 0.0111111
0 0.133984 0.624306 0.00703125 0.00972222
0 0.409766 0.0111111 0.00859375 0.0111111
0 0.301953 0.243056 0.00703125 0.0111111
0 0.787891 0.136806 0.00859375 0.0125
0 0.631641 0.178472 0.00859375 0.0125
0 0.625 0.0597222 0.0078125 0.0111111
0 0.906641 0.201389 0.00859375 0.0138889
0 0.981641 0.916667 0.00859375 0.0138889
0 0.723437 0.130556 0.0078125 0.0138889
0 0.110937 0.170139 0.0078125 0.0125
0 0.628906 0.302083 0.0078125 0.0125
0 0.789062 0.735417 0.009375 0.0152778
0 0.496484 0.0819444 0.00703125 0.0111111
0 0.994922 0.407639 0.00703125 0.0125
0 0.316797 0.370139 0.00703125 0.0125
0 0.729688 0.725694 0.0078125 0.0125
0 0.49375 0.592361 0.0078125 0.0125
0 0.423828 0.401389 0.00859375 0.0138889
0 0.326953 0.807639 0.00859375 0.0125
0 0.826563 0.24375 0.0078125 0.0125
0 0.883594 0.963194 0.009375 0.0125
0 0.222266 0.904861 0.00703125 0.0125
0 0.358984 0.259028 0.00859375 0.0125
0 0.871484 0.51875 0.00859375 0.0125
0 0.405469 0.820139 0.0078125 0.0125
0 0.908203 0.311806 0.00859375 0.0125
0 0.261719 0.385417 0.0078125 0.0125
0 0.124609 0.464583 0.00859375 0.0125
0 0.422266 0.669444 0.00859375 0.0111111
0 0.934375 0.19375 0.0078125 0.0125
0 0.164453 0.609722 0.00703125 0.0111111
0 0.464453 0.809028 0.00859375 0.0125
0 0.387109 0.847917 0.00859375 0.0125
0 0.708203 0.421528 0.00859375 0.0125
0 0.957422 0.840972 0.00859375 0.0152778
0 0.161719 0.709722 0.0078125 0.0111111
0 0.650391 0.2625 0.00859375 0.0138889
0 0.535937 0.947917 0.0078125 0.0125
0 0.798437 0.316667 0.009375 0.0138889
0 0.292188 0.41875 0.0078125 0.0125
0 0.401563 0.740278 0.0078125 0.0111111
0 0.973047 0.734722 0.00859375 0.0138889
0 0.370313 0.36875 0.0078125 0.0125
0 0.898047 0.629167 0.00859375 0.0138889
0 0.573438 0.361806 0.0078125 0.0125
0 0.504687 0.629861 0.0078125 0.0125
0 0.317187 0.454167 0.0078125 0.0111111
0 0.5625 0.771528 0.0078125 0.0125
0 0.439063 0.550694 0.0078125 0.0125
0 0.361328 0.638194 0.00859375 0.0125
0 0.612891 0.349306 0.00859375 0.0125
0 0.929297 0.704861 0.00859375 0.0125
0 0.837109 0.70625 0.00859375 0.0125
0 0.907422 0.5625 0.00859375 0.0138889
0 0.713672 0.795833 0.00859375 0.0138889
