0 0.571484 0.614583 0.00859375 0.0125
0 0.412891 0.0805556 0.00859375 0.0111111
0 0.501172 0.275694 0.00859375 0.0125
0 0.0453125 0.820139 0.00625 0.0125
0 0.383203 0.499306 0.0101562 0.0125
0 0.435156 0.504167 0.009375 0.0138889
0 0.0828125 0.586111 0.0078125 0.0111111
0 0.0371094 0.320139 0.00703125 0.0125
0 0.0269531 0.959028 0.00703125 0.0125
0 0.0605469 0.403472 0.00859375 0.0125
0 0.189063 0.570833 0.0078125 0.0111111
0 0.689062 0.947222 0.0078125 0.0111111
0 0.867578 0.132639 0.00859375 0.0125
0 0.0851562 0.286806 0.0078125 0.0125
0 0.501562 0.441667 0.009375 0.0138889
0 0.173438 0.977083 0.0078125 0.0125
0 0.741016 0.646528 0.00859375 0.0125
0 0.174609 0.0347222 0.00859375 0.0111111
0 0.510938 0.978472 0.009375 0.0125
0 0.995703 0.982639 0.00703125 0.0152778
0 0.0738281 0.524306 0.00859375 0.0125
0 0.0585938 0.648611 0.0078125 0.0111111
0 0.260156 0.513889 0.0078125 0.0111111
0 0.384375 0.511806 0.009375 0.0125
0 0.552344 0.604861 0.0078125 0.0125
0 0.760547 0.340278 0.00859375 0.0111111
0 0.313281 0.645139 0.009375 0.0152778
0 0.105469 0.134722 0.0078125 0.0111111
0 0.653516 0.94375 0.00859375 0.0152778
0 0.929688 0.113194 0.009375 0.0125
0 0.966406 0.0722222 0.009375 0.0138889
0 0.591797 0.338194 0.00859375 0.0152778
0 0.314453 0.102778 0.00859375 0.0111111
0 0.166016 0.748611 0.00859375 0.0111111
0 0.090625 0.736806 0.0078125 0.0125
0 0.313672 0.447917 0.00859375 0.0125
0 0.175 0.717361 0.0078125 0.0125
0 0.58125 0.225694 0.009375 0.0125
0 0.197266 0.657639 0.00859375 0.0125
0 0.134375 0.841667 0.0078125 0.0138889
0 0.288672 0.246528 0.00859375 0.0125
0 0.499609 0.615972 0.0101562 0.0125
0 0.164844 0.875694 0.0078125 0.0125
0 0.973828 0.376389 0.00859375 0.0138889
0 0.798047 0.847917 0.00859375 0.0125
0 0.629297 0.117361 0.00859375 0.0125
0 0.853516 0.0659722 0.00859375 0.0125
0 0.744531 0.23125 0.0078125 0.0125
0 0.766016 0.0659722 0.00859375 0.0125
0 0.571094 0.411111 0.009375 0.0138889
0 0.383203 0.309028 0.00859375 0.0125
0 0.710547 0.696528 0.00859375 0.0125
0 0.659375 0.715972 0.009375 0.0125
0 0.352344 0.677778 0.0078125 0.0111111
0 0.9625 0.843056 0.0078125 0.0111111
0 0.706641 0.802083 0.00859375 0.0125
0 0.185547 0.629861 0.00859375 0.0125
0 0.535547 0.360417 0.00859375 0.0125
0 0.725781 0.179167 0.0078125 0.0111111
0 0.873047 0.533333 0.00859375 0.0138889
0 0.602344 0.4375 0.0078125 0.0111111
0 0.734375 0.577778 0.009375 0.0138889
0 0.100781 0.530556 0.009375 0.0138889
0 0.799609 0.575 0.00859375 0.0138889
0 0.969922 0.418056 0.00859375 0.0138889
0 0.633594 0.904861 0.009375 0.0125
0 0.459766 0.693056 0.00859375 0.0111111
0 0.383984 0.804167 0.00859375 0.0111111
0 0.616406 0.950694 0.009375 0.0125
0 0.421094 0.747917 0.0078125 0.0125
0 0.533203 0.616667 0.00859375 0.0111111
0 0.691016 0.845833 0.00859375 0.0138889
0 0.722266 0.30625 0.00859375 0.0125
0 0.633984 0.161806 0.00859375 0.0125
0 0.649219 0.488889 0.009375 0.0138889
0 0.637891 0.73125 0.00859375 0.0125
0 0.546875 0.5 0.009375 0.0138889
0 0.877344 0.453472 0.0078125 0.0125
0 0.591016 0.556944 0.00859375 0.0138889
0 0.784766 0.8125 0.00859375 0.0138889
0 0.9625 0.702083 0.009375 0.0125
