0 0.738672 0.415278 0.00859375 0.0166667
0 0.167969 0.621528 0.009375 0.0152778
0 0.436328 0.980556 0.00859375 0.0138889
0 0.0132813 0.226389 0.0078125 0.0111111
0 0.137109 0.803472 0.0101562 0.0125
0 0.344141 0.0395833 0.00859375 0.0125
0 0.259766 0.734722 0.0101562 0.0111111
0 0.0515625 0.211806 0.009375 0.00972222
0 0.235156 0.989583 0.0078125 0.0125
0 0.16875 0.599306 0.009375 0.0125
0 0.170703 0.602083 0.0101562 0.0125
0 0.507812 0.05625 0.0078125 0.0125
0 0.826563 0.774306 0.0078125 0.0125
0 0.874219 0.577778 0.009375 0.0138889
0 0.132031 0.929861 0.009375 0.0125
0 0.159766 0.218056 0.00859375 0.0111111
0 0.996875 0.393056 0.0046875 0.0138889
0 0.774609 0.597917 0.00703125 0.00972222
0 0.172656 0.892361 0.0078125 0.0125
0 0.865625 0.561806 0.009375 0.0152778
0 0.735156 0.635417 0.0078125 0.0125
0 0.413672 0.0645833 0.00859375 0.0125
0 0.767578 0.163194 0.00859375 0.0125
0 0.673437 0.989583 0.009375 0.0125
0 0.289453 0.0666667 0.00703125 0.0111111
0 0.842969 0.147917 0.0078125 0.0152778
0 0.769922 0.160417 0.00859375 0.0125
0 0.25625 0.731944 0.009375 0.0111111
0 0.706641 0.0819444 0.00859375 0.0111111
0 0.473828 0.149306 0.00859375 0.0125
0 0.703906 0.414583 0.009375 0.0180556
0 0.426953 0.0513889 0.00703125 0.0111111
0 0.498047 0.0909722 0.00859375 0.0125
0 0.945703 0.785417 0.0101562 0.0152778
0 0.269922 0.163194 0.00859375 0.0125
0 0.151953 0.743056 0.00703125 0.0111111
0 0.39375 0.384722 0.009375 0.0138889
0 0.272266 0.0381944 0.00859375 0.0125
0 0.727734 0.16875 0.00859375 0.0152778
0 0.847656 0.306944 0.009375 0.0166667
0 0.192578 0.8875 0.00859375 0.0111111
0 0.757812 0.861111 0.009375 0.0138889
0 0.833203 0.0743056 0.00859375 0.0125
0 0.0476562 0.494444 0.0078125 0.0111111
0 0.274219 0.436806 0.009375 0.0125
0 0.892187 0.953472 0.009375 0.0152778
0 0.121875 0.0659722 0.0078125 0.0125
0 0.76875 0.364583 0.009375 0.0125
0 0.582422 0.277083 0.00859375 0.0125
0 0.316016 0.28125 0.00859375 0.0125
0 0.835547 0.0958333 0.00859375 0.0138889
0 0.209375 0.270139 0.0078125 0.0125
0 0.863672 0.911111 0.00859375 0.0138889
0 0.931641 0.282639 0.00859375 0.0125
0 0.279687 0.340972 0.0078125 0.0125
0 0.928516 0.203472 0.00859375 0.0125
0 0.207813 0.240278 0.0078125 0.0111111
0 0.571484 0.985417 0.00859375 0.0125
0 0.519141 0.102778 0.00859375 0.0111111
0 0.287891 0.154167 0.00859375 0.0138889
0 0.382031 0.41875 0.0109375 0.0152778
0 0.653516 0.311806 0.00859375 0.0125
0 0.714453 0.938889 0.0101562 0.0138889
0 0.303125 0.209722 0.0078125 0.0111111
0 0.311719 0.613889 0.0078125 0.0111111
0 0.852734 0.820833 0.00859375 0.0138889
0 0.297656 0.43125 0.0078125 0.0125
0 0.927734 0.800694 0.00703125 0.0125
0 0.801562 0.113194 0.0078125 0.0125
0 0.216406 0.708333 0.0078125 0.0111111
0 0.246875 0.428472 0.0078125 0.0125
0 0.366016 0.341667 0.00859375 0.0138889
0 0.65625 0.609028 0.0078125 0.0125
0 0.946875 0.605556 0.009375 0.0166667
0 0.564062 0.642361 0.0078125 0.0125
0 0.592188 0.747222 0.0078125 0.0111111
0 0.137109 0.435417 0.00859375 0.0125
0 0.641406 0.952083 0.0078125 0.0125
0 0.701953 0.852083 0.00859375 0.0125
0 0.419141 0.567361 0.00859375 0.0125
0 0.870703 0.693056 0.00859375 0.0138889
0 0.38125 0.740972 0.0078125 0.0125
0 0.622656 0.438194 0.0078125 0.0125
0 0.880859 0.365972 0.00859375 0.0125
0 0.725781 0.747917 0.0078125 0.0125
0 0.651172 0.840972 0.00859375 0.0125
0 0.611719 0.516667 0.0078125 0.0138889
0 0.923047 0.863889 0.0101562 0.0166667
0 0.834375 0.658333 0.009375 0.0138889
0 0.810156 0.304167 0.009375 0.0138889
0 0.663281 0.20625 0.0078125 0.0125
0 0.842188 0.351389 0.0078125 0.0138889
0 0.771875 0.870833 0.0078125 0.0138889
0 0.436719 0.792361 0.0078125 0.0125
