0 0.989453 0.0534722 0.00859375 0.0125
0 0.369531 0.428472 0.0078125 0.0125
0 0.496875 0.160417 0.009375 0.0125
0 0.637109 0.650694 0.0101562 0.0152778
0 0.984766 0.06875 0.00703125 0.0125
0 0.986719 0.05625 0.0078125 0.0152778
0 0.295703 0.11875 0.0101562 0.0125
0 0.285156 0.990972 0.0078125 0.0125
0 0.213672 0.0423611 0.00859375 0.0125
0 0.894141 0.00972222 0.0101562 0.0111111
0 0.776563 0.131944 0.0078125 0.0111111
0 0.0453125 0.538889 0.0078125 0.0111111
0 0.921875 0.0416667 0.0078125 0.0111111
0 0.649219 0.890972 0.009375 0.0152778
0 0.263281 0.360417 0.0078125 0.00972222
0 0.955078 0.438194 0.0101562 0.0125
0 0.325391 0.0930556 0.00859375 0.0111111
0 0.887891 0.675694 0.0117188 0.0180556
0 0.174219 0.5 0.0078125 0.0111111
0 0.927734 0.585417 0.0101562 0.0125
0 0.328516 0.658333 0.00859375 0.0111111
0 0.920313 0.588889 0.0109375 0.0138889
0 0.216406 0.815972 0.0078125 0.0125
0 0.811719 0.919444 0.009375 0.0138889
0 0.417578 0.886111 0.00859375 0.0111111
0 0.241797 0.359722 0.00703125 0.0111111
0 0.0757812 0.914583 0.009375 0.0125
0 0.908984 0.269444 0.0101562 0.0138889
0 0.623828 0.939583 0.0101562 0.0125
0 0.927344 0.172222 0.0078125 0.0138889
0 0.111719 0.369444 0.0078125 0.0111111
0 0.4 0.822222 0.0078125 0.0111111
0 0.601953 0.934028 0.00859375 0.0125
0 0.270312 0.728472 0.0078125 0.0125
0 0.892187 0.845139 0.0109375 0.0152778
0 0.875 0.0868056 0.0078125 0.0125
0 0.544922 0.725694 0.00859375 0.0125
0 0.114063 0.454861 0.0078125 0.0125
0 0.572656 0.0798611 0.0078125 0.0125
0 0.160938 0.0534722 0.0078125 0.0125
0 0.434766 0.895139 0.00859375 0.0125
0 0.286719 0.189583 0.009375 0.0125
0 0.790234 0.0798611 0.00859375 0.0125
0 0.653906 0.782639 0.0078125 0.0125
0 0.849219 0.0583333 0.0078125 0.0111111
0 0.622266 0.373611 0.0101562 0.0166667
0 0.744141 0.339583 0.00859375 0.0125
0 0.528125 0.457639 0.009375 0.0125
0 0.075 0.29375 0.0078125 0.0125
0 0.259375 0.273611 0.0078125 0.0111111
0 0.826953 0.159722 0.00859375 0.0138889
0 0.713281 0.707639 0.009375 0.0125
0 0.529297 0.370139 0.00859375 0.0125
0 0.725391 0.95 0.00859375 0.0111111
0 0.901563 0.714583 0.009375 0.0125
0 0.410547 0.120833 0.00859375 0.0138889
0 0.26875 0.55 0.0078125 0.0111111
0 0.963281 0.290972 0.009375 0.0125
0 0.952344 0.692361 0.009375 0.0125
0 0.301172 0.679167 0.00859375 0.0111111
0 0.436328 0.477778 0.00859375 0.0138889
0 0.476172 0.420139 0.00859375 0.0125
0 0.561719 0.710417 0.0078125 0.0125
0 0.859766 0.384722 0.00859375 0.0138889
0 0.711328 0.822917 0.00859375 0.0125
0 0.296875 0.482639 0.0078125 0.0125
0 0.766797 0.31875 0.00859375 0.0152778
0 0.400781 0.463194 0.0078125 0.0125
0 0.923437 0.872222 0.009375 0.0138889
0 0.462109 0.304861 0.00859375 0.0125
0 0.483984 0.291667 0.00859375 0.0138889
0 0.950391 0.784722 0.00859375 0.0111111
0 0.463281 0.745833 0.009375 0.0138889
0 0.795313 0.696528 0.009375 0.0125
