0 0.404687 0.0673611 0.0078125 0.0125
0 0.75 0.18125 0.009375 0.0125
0 0.172656 0.711111 0.0078125 0.0111111
0 0.21875 0.720139 0.0078125 0.00972222
0 0.846484 0.411111 0.0101562 0.0166667
0 0.491016 0.325 0.00859375 0.0111111
0 0.434766 0.00972222 0.0101562 0.0111111
0 0.799609 0.41875 0.00859375 0.0152778
0 0.214844 0.563889 0.0078125 0.0111111
0 0.0867188 0.701389 0.0078125 0.0111111
0 0.529688 0.0375 0.0078125 0.0111111
0 0.110547 0.680556 0.00703125 0.0111111
0 0.377344 0.513194 0.009375 0.0125
0 0.369922 0.269444 0.0101562 0.0111111
0 0.464453 0.967361 0.00859375 0.0125
0 0.848828 0.418056 0.0101562 0.0138889
0 0.155859 0.933333 0.00859375 0.0111111
0 0.171484 0.400694 0.00859375 0.0125
0 0.660547 0.127083 0.00859375 0.0125
0 0.749219 0.678472 0.0078125 0.0125
0 0.378125 0.542361 0.009375 0.0125
0 0.212109 0.752083 0.00859375 0.0125
0 0.578516 0.0208333 0.00859375 0.0111111
0 0.632812 0.622917 0.0078125 0.0125
0 0.586719 0.526389 0.009375 0.0138889
0 0.209375 0.525 0.0078125 0.0111111
0 0.0710938 0.109028 0.0078125 0.0125
0 0.739844 0.679861 0.0109375 0.0152778
0 0.607031 0.9625 0.0078125 0.0111111
0 0.835547 0.823611 0.00859375 0.0138889
0 0.481641 0.410417 0.00859375 0.0125
0 0.586719 0.104861 0.0078125 0.0125
0 0.585156 0.705556 0.0078125 0.0111111
0 0.603125 0.122222 0.0078125 0.0111111
0 0.679688 0.135417 0.0078125 0.0125
0 0.392578 0.475694 0.00859375 0.0125
0 0.865625 0.0180556 0.0078125 0.0111111
0 0.331641 0.663194 0.00859375 0.0125
0 0.466406 0.328472 0.0078125 0.0125
0 0.959375 0.173611 0.009375 0.0138889
0 0.826563 0.0402778 0.009375 0.0111111
0 0.580469 0.75625 0.0078125 0.0125
0 0.809766 0.628472 0.00859375 0.0125
0 0.633984 0.644444 0.00859375 0.0138889
0 0.536328 0.572917 0.00859375 0.0125
0 0.769922 0.927083 0.00859375 0.0125
0 0.971094 0.365278 0.009375 0.0138889
0 0.766016 0.208333 0.00703125 0.0111111
0 0.96875 0.314583 0.009375 0.0125
0 0.363672 0.704167 0.00859375 0.0138889
0 0.794531 0.7875 0.0078125 0.0111111
0 0.351172 0.509028 0.00859375 0.0125
0 0.427344 0.756944 0.009375 0.0138889
0 0.547266 0.806944 0.00859375 0.0111111
0 0.719922 0.486806 0.00859375 0.0125
0 0.790625 0.247222 0.0078125 0.0138889
0 0.668359 0.499306 0.00859375 0.0125
0 0.698438 0.340972 0.0078125 0.0125
0 0.831641 0.615278 0.00859375 0.0138889
0 0.550781 0.339583 0.009375 0.0125
0 0.560938 0.604167 0.0078125 0.0138889
0 0.516797 0.196528 0.00859375 0.0125
0 0.857422 0.24375 0.00859375 0.0125
0 0.948438 0.8375 0.009375 0.0138889
0 0.676172 0.865278 0.00859375 0.0138889
0 0.910156 0.677778 0.009375 0.0138889
0 0.645703 0.380556 0.00859375 0.0138889
0 0.647656 0.705556 0.0078125 0.0111111
0 0.641016 0.228472 0.00859375 0.0125
0 0.826172 0.785417 0.00859375 0.0125
