0 0.410937 0.543056 0.009375 0.0166667
0 0.138281 0.825 0.009375 0.0138889
0 0.304297 0.795139 0.0101562 0.0152778
0 0.0289063 0.496528 0.0109375 0.0125
0 0.142578 0.829861 0.00859375 0.0125
0 0.238281 0.26875 0.0078125 0.0125
0 0.951563 0.234028 0.009375 0.0125
0 0.759375 0.535417 0.009375 0.0208333
0 0.348828 0.06875 0.0101562 0.0125
0 0.0390625 0.502083 0.0078125 0.0125
0 0.0261719 0.495139 0.00859375 0.0125
0 0.096875 0.426389 0.00625 0.0111111
0 0.309766 0.104167 0.00859375 0.0111111
0 0.133984 0.81875 0.00859375 0.0125
0 0.166016 0.768056 0.00859375 0.0111111
0 0.313672 0.646528 0.00859375 0.0125
0 0.359766 0.898611 0.00703125 0.0138889
0 0.458594 0.180556 0.0078125 0.0138889
0 0.259375 0.188194 0.009375 0.0125
0 0.538281 0.0472222 0.0078125 0.0111111
0 0.545313 0.492361 0.009375 0.0125
0 0.370313 0.848611 0.009375 0.0138889
0 0.634766 0.288194 0.00859375 0.0125
0 0.291016 0.0354167 0.00859375 0.0125
0 0.612891 0.454167 0.00859375 0.0138889
0 0.632812 0.293056 0.0078125 0.0138889
0 0.754297 0.0402778 0.00859375 0.0111111
0 0.39375 0.0527778 0.0078125 0.0111111
0 0.163281 0.116667 0.0078125 0.0111111
0 0.196094 0.673611 0.0078125 0.0111111
0 0.654688 0.384028 0.0078125 0.0152778
0 0.671484 0.334028 0.0101562 0.0180556
0 0.969531 0.988194 0.0078125 0.0125
0 0.0992187 0.570139 0.009375 0.0125
0 0.266797 0.0736111 0.00703125 0.0111111
0 0.284766 0.408333 0.00859375 0.0111111
0 0.796094 0.0458333 0.0078125 0.0111111
0 0.99375 0.934722 0.0078125 0.0138889
0 0.151562 0.729167 0.0078125 0.0111111
0 0.382422 0.722222 0.0101562 0.0166667
0 0.758203 0.313889 0.00859375 0.0138889
0 0.392578 0.424306 0.00859375 0.0152778
0 0.471484 0.102083 0.00859375 0.0125
0 0.988672 0.497917 0.00859375 0.0125
0 0.0839844 0.0402778 0.00703125 0.0111111
0 0.396484 0.190278 0.00859375 0.0138889
0 0.203906 0.504167 0.0078125 0.0111111
0 0.801172 0.0861111 0.00859375 0.0138889
0 0.309766 0.445139 0.00859375 0.0125
0 0.900781 0.0506944 0.0078125 0.0125
0 0.614453 0.66875 0.00859375 0.0125
0 0.772656 0.528472 0.009375 0.0180556
0 0.502344 0.197917 0.0078125 0.0125
0 0.117188 0.343056 0.0078125 0.0111111
0 0.332422 0.720139 0.0101562 0.0152778
0 0.319141 0.768056 0.0101562 0.0138889
0 0.741797 0.85 0.0132813 0.0166667
0 0.340625 0.695139 0.0078125 0.0125
0 0.591016 0.181944 0.00859375 0.0138889
0 0.906641 0.116667 0.00859375 0.0111111
0 0.890234 0.679861 0.00859375 0.0125
0 0.853906 0.721528 0.0078125 0.0125
0 0.453516 0.114583 0.00703125 0.0125
0 0.491797 0.809028 0.00859375 0.0125
0 0.1875 0.4625 0.0078125 0.0111111
0 0.851172 0.404861 0.00859375 0.0125
0 0.534766 0.0909722 0.00859375 0.0125
0 0.464844 0.294444 0.009375 0.0138889
0 0.530078 0.904861 0.00859375 0.0125
0 0.702344 0.108333 0.0078125 0.0111111
0 0.911328 0.806944 0.00859375 0.0138889
0 0.432813 0.86875 0.009375 0.0152778
0 0.633594 0.617361 0.0078125 0.0125
0 0.822266 0.767361 0.00859375 0.0152778
0 0.888281 0.561111 0.009375 0.0138889
0 0.699609 0.595833 0.00859375 0.0111111
0 0.694531 0.302083 0.0078125 0.0125
0 0.526953 0.613194 0.00859375 0.0125
