0 0.284375 0.0111111 0.009375 0.0111111
0 0.240234 0.00972222 0.00859375 0.0111111
0 0.503516 0.982639 0.00859375 0.0125
0 0.919141 0.470139 0.0101562 0.0152778
0 0.421484 0.629861 0.00859375 0.0125
0 0.0378906 0.597917 0.00859375 0.0125
0 0.220313 0.922917 0.009375 0.0125
0 0.221875 0.161806 0.0078125 0.0125
0 0.504297 0.956944 0.00859375 0.0111111
0 0.472266 0.234722 0.0101562 0.0138889
0 0.236328 0.79375 0.00703125 0.0125
0 0.954297 0.495833 0.00859375 0.0138889
0 0.297656 0.00555556 0.0078125 0.0111111
0 0.105078 0.193056 0.00703125 0.0111111
0 0.402344 0.0923611 0.009375 0.0125
0 0.227344 0.908333 0.0078125 0.0111111
0 0.314063 0.0819444 0.009375 0.0111111
0 0.191406 0.777778 0.0078125 0.0111111
0 0.144141 0.895139 0.00859375 0.00972222
0 0.178906 0.376389 0.0078125 0.0111111
0 0.641016 0.860417 0.0101562 0.0125
0 0.414844 0.798611 0.0078125 0.0111111
0 0.109375 0.156944 0.00625 0.0111111
0 0.0820312 0.738889 0.009375 0.0111111
0 0.357422 0.0347222 0.00859375 0.0111111
0 0.0480469 0.140278 0.00703125 0.0111111
0 0.521875 0.794444 0.0078125 0.0111111
0 0.474219 0.324306 0.009375 0.0125
0 0.659375 0.840972 0.009375 0.0125
0 0.309766 0.64375 0.00859375 0.0125
0 0.284766 0.113889 0.00859375 0.0138889
0 0.954297 0.971528 0.00859375 0.0125
0 0.173047 0.592361 0.00703125 0.0125
0 0.515625 0.179861 0.009375 0.0125
0 0.562891 0.100694 0.00859375 0.0125
0 0.236719 0.294444 0.009375 0.0138889
0 0.815625 0.00625 0.0078125 0.0125
0 0.238281 0.445833 0.009375 0.0138889
0 0.425391 0.732639 0.00859375 0.0125
0 0.226953 0.09375 0.00859375 0.0125
0 0.405078 0.911111 0.0101562 0.0138889
0 0.622266 0.307639 0.00859375 0.0125
0 0.763672 0.199306 0.00859375 0.0152778
0 0.75 0.0659722 0.0078125 0.0125
0 0.415234 0.0986111 0.00859375 0.0111111
0 0.473828 0.729167 0.00859375 0.0111111
0 0.273047 0.43125 0.00859375 0.0125
0 0.194531 0.240278 0.0078125 0.0111111
0 0.349219 0.411111 0.0078125 0.0111111
0 0.588672 0.102083 0.00859375 0.0125
0 0.535937 0.911111 0.0078125 0.0111111
0 0.837109 0.350694 0.00859375 0.0125
0 0.893359 0.85 0.0101562 0.0138889
0 0.381641 0.198611 0.00859375 0.0111111
0 0.532422 0.490278 0.00859375 0.0111111
0 0.384766 0.688194 0.00859375 0.0125
0 0.873047 0.815278 0.0101562 0.0138889
0 0.628125 0.876389 0.009375 0.0138889
0 0.776172 0.324306 0.0101562 0.0152778
0 0.522266 0.863889 0.00859375 0.0111111
0 0.335938 0.572222 0.0078125 0.0111111
0 0.410156 0.314583 0.009375 0.0125
0 0.894922 0.752778 0.00859375 0.0138889
0 0.550391 0.503472 0.00859375 0.0125
0 0.789453 0.322222 0.00859375 0.0138889
0 0.452734 0.695833 0.00859375 0.0111111
0 0.825781 0.44375 0.0078125 0.0125
0 0.455078 0.475 0.00859375 0.0111111
0 0.50625 0.697222 0.0078125 0.0111111
0 0.932031 0.711806 0.009375 0.0125
0 0.523047 0.340972 0.00859375 0.0125
0 0.767969 0.831944 0.009375 0.0138889
0 0.791406 0.188194 0.0078125 0.0125
0 0.738281 0.557639 0.009375 0.0125
0 0.461328 0.553472 0.00859375 0.0125
0 0.593359 0.497917 0.00859375 0.0125
0 0.634375 0.359028 0.009375 0.0152778
0 0.708203 0.370833 0.00859375 0.0138889
0 0.872266 0.197222 0.00859375 0.0138889
0 0.736328 0.441667 0.00859375 0.0138889
0 0.563281 0.5625 0.009375 0.0138889
