0 0.225 0.838194 0.015625 0.0152778
0 0.694922 0.686806 0.0101562 0.0125
0 0.454297 0.864583 0.0117188 0.0152778
0 0.453516 0.385417 0.00859375 0.0125
0 0.557031 0.81875 0.0078125 0.0125
0 0.706641 0.272222 0.00859375 0.0111111
0 0.944141 0.351389 0.00859375 0.0111111
0 0.312109 0.428472 0.00859375 0.0125
0 0.931641 0.477083 0.00859375 0.0125
0 0.714453 0.684028 0.0101562 0.0125
0 0.926562 0.273611 0.0078125 0.0111111
0 0.179688 0.947917 0.009375 0.0152778
0 0.241016 0.0395833 0.00859375 0.0125
0 0.0679687 0.598611 0.0078125 0.0111111
0 0.210156 0.9 0.0078125 0.0111111
0 0.987891 0.64375 0.00859375 0.0125
0 0.1375 0.379861 0.0078125 0.0125
0 0.849609 0.583333 0.0117188 0.0194444
0 0.107422 0.477778 0.00703125 0.0111111
0 0.112109 0.925694 0.00703125 0.00972222
0 0.435156 0.604167 0.0078125 0.0111111
0 0.75625 0.00972222 0.0078125 0.0111111
0 0.107422 0.595139 0.00859375 0.0125
0 0.0785156 0.623611 0.00859375 0.0111111
0 0.121094 0.173611 0.0078125 0.0111111
0 0.397266 0.9125 0.00859375 0.0111111
0 0.519141 0.774306 0.00859375 0.0125
0 0.240234 0.85 0.00859375 0.0111111
0 0.752734 0.688194 0.00859375 0.0125
0 0.953516 0.0180556 0.00859375 0.0138889
0 0.801562 0.56875 0.009375 0.0125
0 0.915625 0.290278 0.009375 0.0138889
0 0.670703 0.190278 0.00859375 0.0138889
0 0.719922 0.411111 0.0101562 0.0138889
0 0.394141 0.455556 0.00859375 0.0111111
0 0.357422 0.520139 0.00859375 0.0125
0 0.216797 0.425 0.0101562 0.0138889
0 0.762109 0.204167 0.00859375 0.0138889
0 0.290625 0.597917 0.0078125 0.00972222
0 0.207813 0.320139 0.0078125 0.00972222
0 0.279297 0.691667 0.0101562 0.0138889
0 0.83125 0.746528 0.009375 0.0125
0 0.39375 0.174306 0.009375 0.0125
0 0.303906 0.809722 0.0078125 0.0111111
0 0.231641 0.263194 0.00859375 0.0125
0 0.717969 0.289583 0.0078125 0.0125
0 0.132812 0.444444 0.0078125 0.0111111
0 0.329688 0.563889 0.0078125 0.0111111
0 0.177344 0.461111 0.0078125 0.0111111
0 0.648828 0.431944 0.00859375 0.0138889
0 0.452344 0.781944 0.0078125 0.0111111
0 0.775781 0.546528 0.009375 0.0125
0 0.478125 0.727083 0.0078125 0.0125
0 0.478516 0.411111 0.0101562 0.0138889
0 0.595312 0.878472 0.0078125 0.0125
0 0.8 0.769444 0.009375 0.0138889
0 0.623047 0.563889 0.0101562 0.0138889
0 0.869531 0.870139 0.009375 0.0125
0 0.310547 0.63125 0.00859375 0.0125
0 0.514844 0.424306 0.009375 0.0125
0 0.477734 0.174306 0.00859375 0.0125
0 0.631641 0.152083 0.00859375 0.0125
0 0.742969 0.779167 0.009375 0.0138889
0 0.675781 0.961111 0.0078125 0.0111111
0 0.624219 0.790972 0.009375 0.0125
0 0.298047 0.286111 0.00859375 0.0111111
0 0.781641 0.195139 0.00859375 0.0125
0 0.624219 0.635417 0.009375 0.0125
0 0.219141 0.65625 0.00859375 0.0125
0 0.184375 0.20625 0.0078125 0.0125
0 0.428906 0.297917 0.009375 0.0125
0 0.534766 0.224306 0.00859375 0.0125
0 0.221875 0.836111 0.009375 0.0138889
0 0.360547 0.70625 0.00859375 0.0125
0 0.957812 0.254167 0.009375 0.0138889
0 0.554688 0.490972 0.009375 0.0125
0 0.835156 0.968056 0.009375 0.0138889
