0 0.319531 0.0284722 0.0078125 0.00972222
0 0.0996094 0.102083 0.00703125 0.00972222
0 0.198828 0.498611 0.00859375 0.0138889
0 0.441016 0.0694444 0.00859375 0.0111111
0 0.936328 0.0715278 0.00859375 0.0125
0 0.389844 0.616667 0.009375 0.0111111
0 0.460938 0.43125 0.0078125 0.0125
0 0.920703 0.86875 0.00859375 0.0125
0 0.724219 0.652083 0.009375 0.0125
0 0.0773437 0.829861 0.0078125 0.0125
0 0.101172 0.7125 0.00859375 0.0111111
0 0.945312 0.978472 0.009375 0.0125
0 0.223047 0.370139 0.00859375 0.0125
0 0.686719 0.934722 0.009375 0.0138889
0 0.897656 0.960417 0.009375 0.0125
0 0.247656 0.0611111 0.009375 0.0111111
0 0.169141 0.379167 0.00859375 0.0111111
0 0.299609 0.0208333 0.00859375 0.0111111
0 0.658984 0.60625 0.00859375 0.0125
0 0.816797 0.343056 0.00859375 0.0111111
0 0.269141 0.215278 0.00859375 0.0111111
0 0.269531 0.316667 0.0078125 0.0111111
0 0.336719 0.274306 0.009375 0.0125
0 0.994922 0.181944 0.00703125 0.0138889
0 0.876562 0.44375 0.0078125 0.0125
0 0.810938 0.839583 0.009375 0.0125
0 0.269141 0.266667 0.00859375 0.0111111
0 0.960547 0.316667 0.00859375 0.0138889
0 0.298828 0.108333 0.00859375 0.0111111
0 0.493359 0.615278 0.00859375 0.0111111
0 0.276953 0.390972 0.00859375 0.0125
0 0.504687 0.363889 0.009375 0.0138889
0 0.587109 0.127778 0.00859375 0.0111111
0 0.913281 0.459722 0.0078125 0.0138889
0 0.0367187 0.590972 0.0078125 0.0125
0 0.878125 0.420139 0.009375 0.0125
0 0.453906 0.528472 0.009375 0.0125
0 0.716406 0.886111 0.009375 0.0138889
0 0.491797 0.470833 0.00703125 0.0111111
0 0.552344 0.352083 0.009375 0.0125
0 0.527344 0.413889 0.0078125 0.0111111
0 0.557031 0.220833 0.0078125 0.0111111
0 0.192578 0.45 0.00703125 0.0111111
0 0.936719 0.719444 0.0125 0.0166667
0 0.84375 0.260417 0.009375 0.0125
0 0.685156 0.103472 0.0078125 0.0125
0 0.435937 0.352083 0.009375 0.0152778
0 0.0824219 0.371528 0.00859375 0.0125
0 0.539062 0.271528 0.0078125 0.0125
0 0.827344 0.0284722 0.009375 0.0125
0 0.707812 0.809028 0.009375 0.0125
0 0.657031 0.557639 0.0109375 0.0152778
0 0.950781 0.665972 0.009375 0.0125
0 0.729297 0.0430556 0.00859375 0.0111111
0 0.341797 0.507639 0.00859375 0.0125
0 0.89375 0.388889 0.009375 0.0138889
0 0.322656 0.399306 0.009375 0.0125
0 0.726953 0.374306 0.0101562 0.0152778
0 0.839063 0.429167 0.0078125 0.0111111
0 0.861719 0.942361 0.009375 0.0125
0 0.911328 0.661806 0.00859375 0.0125
0 0.748047 0.340972 0.00859375 0.0125
0 0.761328 0.440972 0.00859375 0.0125
0 0.735547 0.506944 0.00859375 0.0111111
0 0.410547 0.61875 0.00859375 0.0125
0 0.523438 0.501389 0.009375 0.0138889
0 0.858203 0.479861 0.00859375 0.0125
0 0.784766 0.430556 0.00859375 0.0138889
