0 0.29375 0.313889 0.009375 0.0138889
0 0.620703 0.166667 0.00859375 0.0111111
0 0.0507812 0.427083 0.0078125 0.0125
0 0.724219 0.111806 0.0109375 0.0125
0 0.625 0.00833333 0.009375 0.0111111
0 0.783984 0.475694 0.00859375 0.0125
0 0.4625 0.65 0.009375 0.0111111
0 0.630859 0.750694 0.00859375 0.0152778
0 0.411328 0.00763889 0.00859375 0.00972222
0 0.112891 0.239583 0.00859375 0.00972222
0 0.0746094 0.0923611 0.00703125 0.0125
0 0.254687 0.497222 0.0078125 0.0111111
0 0.889063 0.465972 0.0078125 0.0125
0 0.624219 0.0284722 0.0078125 0.0125
0 0.323047 0.302778 0.00859375 0.0138889
0 0.0453125 0.34375 0.0078125 0.0125
0 0.31875 0.325 0.0078125 0.0111111
0 0.185547 0.552083 0.00859375 0.0125
0 0.665625 0.0375 0.0078125 0.0111111
0 0.831641 0.0902778 0.0101562 0.0138889
0 0.257031 0.401389 0.0078125 0.0111111
0 0.597656 0.0965278 0.0078125 0.0125
0 0.619922 0.521528 0.00859375 0.0125
0 0.4625 0.674306 0.009375 0.0125
0 0.752344 0.0125 0.0078125 0.0111111
0 0.373437 0.0604167 0.009375 0.0125
0 0.286328 0.214583 0.0101562 0.0152778
0 0.769531 0.984722 0.009375 0.0138889
0 0.934766 0.170833 0.00859375 0.0138889
0 0.205078 0.575 0.00859375 0.0111111
0 0.993359 0.475 0.00703125 0.0111111
0 0.232422 0.0534722 0.0101562 0.0125
0 0.405078 0.54375 0.00859375 0.0125
0 0.160156 0.625694 0.0078125 0.0125
0 0.137109 0.166667 0.00703125 0.0111111
0 0.351172 0.135417 0.00859375 0.0125
0 0.426172 0.174306 0.00859375 0.0125
0 0.618359 0.934722 0.00859375 0.0138889
0 0.336719 0.4375 0.009375 0.0138889
0 0.0957031 0.599306 0.00859375 0.0125
0 0.528125 0.4 0.0078125 0.0111111
0 0.596875 0.555556 0.0078125 0.0111111
0 0.499609 0.408333 0.00859375 0.0111111
0 0.564062 0.81875 0.0078125 0.0125
0 0.826172 0.441667 0.00859375 0.0111111
0 0.433594 0.290972 0.009375 0.0125
0 0.191797 0.806944 0.00703125 0.0111111
0 0.148438 0.651389 0.0078125 0.0111111
0 0.986719 0.0875 0.0078125 0.0138889
0 0.569922 0.774306 0.00859375 0.0125
0 0.382422 0.572917 0.0101562 0.0152778
0 0.707031 0.354167 0.009375 0.0111111
0 0.426953 0.909722 0.00859375 0.0138889
0 0.389453 0.48125 0.00859375 0.0125
0 0.964844 0.667361 0.009375 0.0125
0 0.721094 0.0506944 0.0078125 0.0125
0 0.855078 0.552083 0.00859375 0.0152778
0 0.898828 0.251389 0.00859375 0.0138889
0 0.992578 0.868056 0.00859375 0.0138889
0 0.271094 0.384028 0.0078125 0.0125
0 0.985156 0.947222 0.009375 0.0138889
0 0.619531 0.729861 0.0078125 0.0125
0 0.451562 0.784028 0.0078125 0.0125
0 0.672266 0.368056 0.00859375 0.0138889
0 0.180859 0.463194 0.00859375 0.0125
0 0.629687 0.43125 0.0078125 0.0125
0 0.371875 0.507639 0.0078125 0.0125
0 0.957031 0.918056 0.009375 0.0138889
0 0.960547 0.570139 0.00859375 0.0125
0 0.460156 0.309028 0.0078125 0.0125
0 0.816016 0.580556 0.00703125 0.0138889
0 0.798047 0.7875 0.00859375 0.0138889
0 0.241797 0.51875 0.00859375 0.0125
0 0.764453 0.41875 0.00859375 0.0125
0 0.911719 0.13125 0.0078125 0.0125
0 0.936328 0.718056 0.00859375 0.0138889
0 0.430859 0.542361 0.00859375 0.0125
