0 0.529688 0.423611 0.0078125 0.0138889
0 0.510938 0.03125 0.0078125 0.0125
0 0.997266 0.358333 0.00546875 0.0166667
0 0.526563 0.418056 0.009375 0.0138889
0 0.222656 0.352083 0.0078125 0.0125
0 0.711328 0.908333 0.00859375 0.0138889
0 0.303516 0.713194 0.00859375 0.0125
0 0.762891 0.0270833 0.00859375 0.0152778
0 0.0457031 0.285417 0.00703125 0.0125
0 0.630469 0.190278 0.0078125 0.0138889
0 0.0628906 0.622917 0.00859375 0.00972222
0 0.0589844 0.154167 0.00703125 0.0111111
0 0.523047 0.414583 0.0101562 0.0152778
0 0.811719 0.99375 0.0078125 0.00972222
0 0.70625 0.514583 0.009375 0.0152778
0 0.900781 0.877083 0.009375 0.0125
0 0.268359 0.0972222 0.00859375 0.0138889
0 0.564453 0.922917 0.00703125 0.0125
0 0.142969 0.732639 0.0078125 0.00972222
0 0.364062 0.990972 0.0078125 0.0125
0 0.123047 0.579167 0.00859375 0.0111111
0 0.424219 0.9875 0.0078125 0.0111111
0 0.811328 0.220139 0.00859375 0.0125
0 0.743359 0.336111 0.00859375 0.0111111
0 0.469922 0.39375 0.00859375 0.0125
0 0.710938 0.921528 0.009375 0.0152778
0 0.992578 0.470833 0.00703125 0.0138889
0 0.871094 0.616667 0.009375 0.0138889
0 0.64375 0.770139 0.0078125 0.0125
0 0.952344 0.260417 0.009375 0.0125
0 0.805469 0.716667 0.0078125 0.0111111
0 0.75 0.564583 0.0078125 0.0152778
0 0.253516 0.1125 0.00703125 0.0111111
0 0.889844 0.473611 0.009375 0.0138889
0 0.388672 0.707639 0.00703125 0.0125
0 0.289062 0.267361 0.0078125 0.0125
0 0.176563 0.297222 0.0078125 0.0111111
0 0.261328 0.936111 0.00859375 0.0138889
0 0.284766 0.688889 0.0101562 0.0138889
0 0.875391 0.0729167 0.00859375 0.0125
0 0.911719 0.588194 0.009375 0.0152778
0 0.975 0.590972 0.009375 0.0152778
0 0.799609 0.0736111 0.00703125 0.0111111
0 0.147656 0.385417 0.0078125 0.0125
0 0.48125 0.620139 0.009375 0.0125
0 0.975781 0.985417 0.009375 0.0125
0 0.198828 0.497917 0.00859375 0.0125
0 0.66875 0.338889 0.0078125 0.0111111
0 0.423438 0.0979167 0.0078125 0.0125
0 0.805078 0.557639 0.00859375 0.0125
0 0.243359 0.672222 0.0101562 0.0138889
0 0.687109 0.285417 0.00703125 0.0125
0 0.398438 0.654861 0.0078125 0.0125
0 0.1125 0.438889 0.0078125 0.0111111
0 0.709375 0.643056 0.0078125 0.0111111
0 0.651172 0.859722 0.00859375 0.0138889
0 0.283984 0.911806 0.00859375 0.0125
0 0.63125 0.506944 0.009375 0.0138889
0 0.399219 0.941667 0.0078125 0.0111111
0 0.750391 0.817361 0.00859375 0.0125
0 0.409375 0.240972 0.009375 0.0152778
0 0.214062 0.455556 0.0078125 0.0111111
0 0.883203 0.629167 0.00859375 0.0138889
0 0.845703 0.459722 0.00859375 0.0138889
0 0.647266 0.561806 0.00859375 0.0125
0 0.66875 0.809028 0.0078125 0.0125
0 0.414844 0.805556 0.0078125 0.0111111
0 0.482422 0.25 0.00859375 0.0111111
0 0.550781 0.873611 0.0078125 0.0111111
0 0.291406 0.496528 0.0078125 0.0125
0 0.184375 0.113194 0.0078125 0.0125
0 0.602344 0.264583 0.0078125 0.0125
0 0.188281 0.224306 0.0078125 0.0125
0 0.609766 0.771528 0.00859375 0.0125
0 0.760156 0.347222 0.0078125 0.0111111
0 0.488281 0.328472 0.0078125 0.0125
0 0.367578 0.161111 0.00703125 0.0111111
0 0.954297 0.420139 0.00859375 0.0125
0 0.317578 0.405556 0.0101562 0.0166667
0 0.567187 0.732639 0.0078125 0.0125
0 0.510547 0.719444 0.00859375 0.0138889
