0 0.264062 0.424306 0.009375 0.0125
0 0.102734 0.314583 0.00859375 0.00972222
0 0.968359 0.263194 0.00859375 0.0152778
0 0.259375 0.704167 0.0078125 0.0111111
0 0.705469 0.530556 0.009375 0.0166667
0 0.722266 0.225 0.0101562 0.0166667
0 0.825 0.680556 0.009375 0.0138889
0 0.330859 0.869444 0.00859375 0.0111111
0 0.0972656 0.496528 0.00859375 0.0125
0 0.335547 0.953472 0.00703125 0.0125
0 0.811328 0.774306 0.00859375 0.0125
0 0.377344 0.21875 0.0078125 0.0125
0 0.651563 0.410417 0.0078125 0.0125
0 0.905469 0.278472 0.009375 0.0125
0 0.660547 0.322222 0.00859375 0.0166667
0 0.450781 0.0513889 0.0078125 0.0138889
0 0.425781 0.182639 0.0078125 0.0125
0 0.369141 0.8875 0.00859375 0.0111111
0 0.148438 0.259722 0.0078125 0.0111111
0 0.233594 0.6375 0.0078125 0.0111111
0 0.8625 0.05625 0.0078125 0.00972222
0 0.575 0.218056 0.0078125 0.0111111
0 0.280859 0.340972 0.00859375 0.0125
0 0.241797 0.397917 0.00859375 0.0125
0 0.832422 0.979861 0.00859375 0.0125
0 0.675391 0.481944 0.00859375 0.0111111
0 0.267969 0.472222 0.0078125 0.0111111
0 0.930859 0.0673611 0.00859375 0.0125
0 0.499219 0.139583 0.0078125 0.0125
0 0.126563 0.318056 0.0078125 0.0111111
0 0.596484 0.945833 0.00859375 0.0138889
0 0.668359 0.775694 0.00859375 0.0125
0 0.333594 0.839583 0.0078125 0.0125
0 0.221094 0.0465278 0.0078125 0.0125
0 0.392969 0.0173611 0.0078125 0.0125
0 0.559766 0.23125 0.00859375 0.0125
0 0.821875 0.113194 0.0078125 0.0125
0 0.776172 0.129167 0.00859375 0.0111111
0 0.511328 0.561806 0.00859375 0.0125
0 0.441797 0.94375 0.00859375 0.0125
0 0.357031 0.644444 0.0078125 0.0111111
0 0.667969 0.0722222 0.0078125 0.0111111
0 0.422266 0.575694 0.00859375 0.0125
0 0.746875 0.675 0.009375 0.0138889
0 0.297266 0.474306 0.00859375 0.0125
0 0.850781 0.195833 0.009375 0.0111111
0 0.464063 0.728472 0.0078125 0.0125
0 0.890234 0.622917 0.00859375 0.0125
0 0.544922 0.311806 0.00859375 0.0125
0 0.138281 0.0743056 0.0078125 0.0125
0 0.646484 0.377083 0.00859375 0.0125
0 0.809766 0.806944 0.00859375 0.0138889
0 0.397656 0.432639 0.0078125 0.0125
0 0.968359 0.840972 0.00859375 0.0125
0 0.285937 0.238194 0.0078125 0.0125
0 0.990234 0.440972 0.00859375 0.0125
0 0.991016 0.592361 0.00859375 0.0125
0 0.331641 0.407639 0.00859375 0.0125
0 0.564844 0.901389 0.0078125 0.0138889
0 0.361719 0.419444 0.0078125 0.0111111
0 0.689453 0.476389 0.00859375 0.0111111
0 0.931641 0.272917 0.00859375 0.0125
0 0.80625 0.709722 0.009375 0.0138889
0 0.594141 0.351389 0.00859375 0.0138889
0 0.732813 0.694444 0.009375 0.0138889
0 0.388672 0.757639 0.00859375 0.0125
0 0.530859 0.534722 0.00859375 0.0138889
0 0.577734 0.421528 0.00859375 0.0152778
0 0.776953 0.315972 0.00859375 0.0125
0 0.609375 0.549306 0.0078125 0.0125
0 0.909375 0.159722 0.0078125 0.0138889
0 0.612891 0.605556 0.00859375 0.0111111
0 0.963672 0.371528 0.00859375 0.0125
0 0.885156 0.335417 0.0078125 0.0125
