0 0.888672 0.41875 0.0101562 0.0152778
0 0.734375 0.801389 0.0078125 0.0138889
0 0.886328 0.445833 0.00859375 0.0166667
0 0.997266 0.21875 0.00546875 0.0125
0 0.336328 0.4 0.00703125 0.0111111
0 0.880469 0.422917 0.0078125 0.0152778
0 0.383594 0.259722 0.0078125 0.0111111
0 0.559375 0.0576389 0.009375 0.0125
0 0.0796875 0.0118056 0.0078125 0.00972222
0 0.324219 0.800694 0.0078125 0.00972222
0 0.476953 0.493056 0.0132813 0.0166667
0 0.928906 0.827778 0.009375 0.0166667
0 0.224609 0.138194 0.00859375 0.0125
0 0.892187 0.415972 0.009375 0.0125
0 0.123828 0.675 0.0101562 0.0111111
0 0.650391 0.218056 0.00859375 0.0166667
0 0.233594 0.506944 0.0078125 0.0111111
0 0.604297 0.441667 0.00859375 0.0138889
0 0.104297 0.359722 0.00703125 0.0111111
0 0.249609 0.322222 0.00859375 0.0111111
0 0.0691406 0.549306 0.00859375 0.0125
0 0.343359 0.546528 0.00859375 0.0152778
0 0.932813 0.828472 0.009375 0.0152778
0 0.614844 0.425694 0.0078125 0.0152778
0 0.198828 0.127778 0.00703125 0.0111111
0 0.148047 0.104167 0.00703125 0.0111111
0 0.637891 0.479861 0.00859375 0.0152778
0 0.986328 0.984722 0.0101562 0.0194444
0 0.2125 0.397222 0.0078125 0.0111111
0 0.19375 0.413889 0.0078125 0.0111111
0 0.303125 0.269444 0.0078125 0.0138889
0 0.245312 0.560417 0.0078125 0.0125
0 0.881641 0.115972 0.00859375 0.0152778
0 0.113672 0.254167 0.00703125 0.0111111
0 0.433594 0.0569444 0.0078125 0.0111111
0 0.445312 0.133333 0.0078125 0.0111111
0 0.370313 0.197222 0.0078125 0.0111111
0 0.208984 0.0604167 0.00703125 0.0125
0 0.351562 0.160417 0.0078125 0.0125
0 0.619922 0.600694 0.00859375 0.0152778
0 0.5 0.363194 0.009375 0.0125
0 0.705859 0.142361 0.00859375 0.0152778
0 0.977734 0.101389 0.0117188 0.0166667
0 0.908203 0.796528 0.00859375 0.0152778
0 0.936328 0.878472 0.00859375 0.0152778
0 0.957422 0.504861 0.00859375 0.0125
0 0.599609 0.736111 0.00859375 0.0138889
0 0.372266 0.106944 0.00703125 0.0111111
0 0.799219 0.136111 0.0078125 0.0138889
0 0.978125 0.647917 0.0078125 0.0125
0 0.416797 0.740278 0.00859375 0.0138889
0 0.844531 0.272917 0.009375 0.0152778
0 0.709766 0.693056 0.00859375 0.0138889
0 0.679688 0.767361 0.0078125 0.0152778
0 0.748047 0.83125 0.0101562 0.0152778
0 0.522656 0.877778 0.009375 0.0138889
0 0.885156 0.270139 0.0078125 0.0152778
0 0.917969 0.698611 0.0078125 0.0138889
0 0.477734 0.495139 0.00703125 0.0125
0 0.708594 0.866667 0.0078125 0.0138889
0 0.944141 0.366667 0.00859375 0.0138889
0 0.483203 0.63125 0.00859375 0.0125
0 0.939453 0.763889 0.00859375 0.0138889
0 0.492578 0.51875 0.00859375 0.0125
0 0.964063 0.183333 0.0078125 0.0138889
0 0.578906 0.0854167 0.0078125 0.0125
0 0.825391 0.293056 0.00859375 0.0138889
0 0.829297 0.645833 0.00859375 0.0138889
0 0.748438 0.74375 0.0078125 0.0125
0 0.864453 0.629167 0.00859375 0.0166667
0 0.7625 0.695833 0.009375 0.0138889
0 0.653906 0.663889 0.0078125 0.0138889
0 0.548437 0.373611 0.0078125 0.0138889
