0 0.354688 0.00625 0.009375 0.0125
0 0.040625 0.428472 0.0078125 0.0125
0 0.545313 0.429167 0.009375 0.0166667
0 0.911328 0.172917 0.00859375 0.0125
0 0.856641 0.0923611 0.00859375 0.0125
0 0.129688 0.280556 0.0078125 0.0111111
0 0.466016 0.699306 0.00859375 0.0125
0 0.473437 0.2 0.009375 0.0138889
0 0.642969 0.873611 0.0078125 0.0138889
0 0.563281 0.495833 0.0078125 0.0111111
0 0.34375 0.985417 0.009375 0.0125
0 0.997266 0.573611 0.00546875 0.0138889
0 0.5875 0.925 0.009375 0.0138889
0 0.573438 0.218056 0.009375 0.0138889
0 0.511328 0.311806 0.00859375 0.0125
0 0.550391 0.422222 0.0101562 0.0166667
0 0.133984 0.280556 0.0101562 0.0111111
0 0.175 0.535417 0.0078125 0.0125
0 0.977734 0.56875 0.00859375 0.0152778
0 0.748047 0.635417 0.00703125 0.00972222
0 0.799609 0.825694 0.00859375 0.0125
0 0.376563 0.160417 0.009375 0.0125
0 0.828125 0.738194 0.009375 0.0152778
0 0.606641 0.0173611 0.0101562 0.0125
0 0.353125 0.0368056 0.0078125 0.00972222
0 0.832812 0.824306 0.0078125 0.0125
0 0.726953 0.975694 0.00859375 0.0125
0 0.262109 0.781944 0.00859375 0.0138889
0 0.703125 0.0152778 0.0078125 0.0111111
0 0.0726563 0.574306 0.0078125 0.0125
0 0.810547 0.215278 0.0101562 0.0138889
0 0.175 0.518056 0.0078125 0.0111111
0 0.145703 0.413889 0.00859375 0.0111111
0 0.359375 0.791667 0.0078125 0.0111111
0 0.851562 0.0104167 0.009375 0.0125
0 0.137891 0.278472 0.00859375 0.00972222
0 0.460156 0.509722 0.0078125 0.0111111
0 0.540234 0.784028 0.00703125 0.00972222
0 0.394141 0.5125 0.00859375 0.0111111
0 0.0738281 0.526389 0.00859375 0.0111111
0 0.644531 0.877778 0.0078125 0.0111111
0 0.619531 0.475694 0.009375 0.0125
0 0.7625 0.345139 0.009375 0.0125
0 0.277734 0.772222 0.00703125 0.0111111
0 0.521875 0.0875 0.0078125 0.0111111
0 0.065625 0.193056 0.0078125 0.0111111
0 0.632812 0.0916667 0.0078125 0.0111111
0 0.534766 0.538889 0.00859375 0.0111111
0 0.316797 0.0881944 0.00859375 0.0125
0 0.272266 0.126389 0.00859375 0.0111111
0 0.0890625 0.1 0.009375 0.0138889
0 0.00703125 0.684028 0.0078125 0.0152778
0 0.501172 0.295139 0.00859375 0.0125
0 0.226172 0.863194 0.00859375 0.0125
0 0.460547 0.534028 0.00859375 0.0125
0 0.411719 0.0930556 0.009375 0.0138889
0 0.0972656 0.179167 0.00703125 0.0111111
0 0.627344 0.274306 0.009375 0.0125
0 0.435937 0.0180556 0.0078125 0.0111111
0 0.151562 0.740278 0.0078125 0.0111111
0 0.248437 0.895833 0.0078125 0.0138889
0 0.301953 0.311806 0.00859375 0.0125
0 0.20625 0.95 0.0078125 0.0111111
0 0.688281 0.342361 0.009375 0.0125
0 0.258984 0.927778 0.00703125 0.0111111
0 0.553906 0.416667 0.009375 0.0111111
0 0.121875 0.627778 0.0078125 0.0111111
0 0.588672 0.315972 0.00859375 0.0125
0 0.351953 0.157639 0.00859375 0.0125
0 0.491406 0.620833 0.0078125 0.0111111
0 0.877734 0.738194 0.00859375 0.0125
0 0.857422 0.252083 0.00859375 0.0125
0 0.419531 0.559722 0.0078125 0.0111111
0 0.310547 0.627083 0.00859375 0.0125
0 0.135156 0.529167 0.0078125 0.0111111
0 0.237109 0.386806 0.00859375 0.0125
0 0.329297 0.254167 0.00859375 0.0111111
0 0.948438 0.747222 0.009375 0.0138889
0 0.442187 0.272917 0.0078125 0.0125
0 0.152344 0.785417 0.0078125 0.0125
0 0.430469 0.125 0.0078125 0.0111111
0 0.583984 0.872917 0.00859375 0.0125
0 0.345313 0.484028 0.0078125 0.0125
0 0.635938 0.479167 0.0078125 0.0111111
0 0.285156 0.402083 0.0078125 0.0125
0 0.675781 0.148611 0.0078125 0.0111111
0 0.941406 0.950694 0.0078125 0.0125
0 0.409766 0.517361 0.00859375 0.0125
0 0.188672 0.625 0.00859375 0.0111111
0 0.719922 0.409722 0.00859375 0.0111111
0 0.900391 0.469444 0.00859375 0.0138889
0 0.363672 0.348611 0.00859375 0.0111111
0 0.303125 0.495139 0.0078125 0.0125
0 0.894141 0.830556 0.00859375 0.0111111
0 0.438281 0.306944 0.0078125 0.0111111
0 0.840234 0.431944 0.00859375 0.0138889
0 0.0980469 0.552083 0.0101562 0.0125
0 0.349219 0.675 0.0078125 0.0111111
0 0.713672 0.750694 0.00859375 0.0125
0 0.7 0.651389 0.0078125 0.0111111
0 0.453125 0.474306 0.0078125 0.00972222
0 0.946875 0.843056 0.0078125 0.0111111
0 0.796094 0.940972 0.009375 0.0125
0 0.649219 0.540278 0.0078125 0.0111111
0 0.832422 0.91875 0.00859375 0.0125
