0 0.603906 0.836111 0.0078125 0.0111111
0 0.0449219 0.577778 0.00703125 0.0111111
0 0.135547 0.693056 0.00859375 0.0111111
0 0.18125 0.34375 0.009375 0.0125
0 0.859766 0.0166667 0.00859375 0.0138889
0 0.0707031 0.20625 0.00703125 0.0125
0 0.996094 0.559722 0.00625 0.0138889
0 0.483203 0.663889 0.0101562 0.0138889
0 0.996094 0.985417 0.00625 0.0236111
0 0.778125 0.369444 0.0078125 0.0166667
0 0.513281 0.963194 0.0078125 0.0125
0 0.699219 0.945139 0.0078125 0.0125
0 0.500391 0.572917 0.00859375 0.0152778
0 0.278516 0.06875 0.00703125 0.00972222
0 0.0902344 0.169444 0.00859375 0.0111111
0 0.228125 0.797222 0.0078125 0.0111111
0 0.488672 0.667361 0.00859375 0.0125
0 0.675391 0.0722222 0.00859375 0.0111111
0 0.202344 0.457639 0.0078125 0.0125
0 0.0722656 0.143056 0.00859375 0.0111111
0 0.0851562 0.0923611 0.0078125 0.0125
0 0.563281 0.99375 0.0078125 0.00972222
0 0.180469 0.654167 0.009375 0.0138889
0 0.905859 0.921528 0.0101562 0.0208333
0 0.258594 0.397917 0.0078125 0.0125
0 0.557031 0.733333 0.0078125 0.0138889
0 0.546094 0.718056 0.009375 0.0138889
0 0.783984 0.0638889 0.00703125 0.0111111
0 0.257812 0.0618056 0.009375 0.0125
0 0.889453 0.0965278 0.00859375 0.0125
0 0.990625 0.411806 0.009375 0.0152778
0 0.671484 0.0930556 0.00859375 0.0138889
0 0.377734 0.0465278 0.00859375 0.0125
0 0.297656 0.0444444 0.009375 0.0138889
0 0.4375 0.14375 0.0078125 0.0125
0 0.951563 0.338194 0.009375 0.0125
0 0.724219 0.794444 0.0078125 0.0111111
0 0.189453 0.235417 0.00859375 0.0125
0 0.323438 0.19375 0.0078125 0.0125
0 0.496484 0.552778 0.00859375 0.0138889
0 0.508594 0.340278 0.0078125 0.0111111
0 0.922656 0.347222 0.009375 0.0138889
0 0.534766 0.564583 0.00859375 0.0125
0 0.707031 0.549306 0.009375 0.0152778
0 0.361719 0.807639 0.009375 0.0125
0 0.770703 0.690278 0.0101562 0.0166667
0 0.842578 0.713194 0.00859375 0.0125
0 0.408984 0.223611 0.00859375 0.0138889
0 0.791016 0.207639 0.00859375 0.0125
0 0.801172 0.0916667 0.00859375 0.0138889
0 0.116406 0.0652778 0.0078125 0.0111111
0 0.801953 0.722917 0.0101562 0.0152778
0 0.657422 0.818056 0.0101562 0.0166667
0 0.292578 0.343056 0.00859375 0.0138889
0 0.356641 0.334028 0.00859375 0.0125
0 0.591406 0.370139 0.0078125 0.0125
0 0.769141 0.852083 0.0101562 0.0180556
0 0.869141 0.217361 0.00859375 0.0125
0 0.906641 0.669444 0.00859375 0.0138889
0 0.532422 0.156944 0.00859375 0.0138889
0 0.814844 0.752778 0.009375 0.0138889
0 0.858594 0.697917 0.009375 0.0152778
0 0.764453 0.575 0.00859375 0.0138889
0 0.381641 0.799306 0.00859375 0.0125
0 0.5625 0.470833 0.0078125 0.0138889
0 0.796875 0.336111 0.009375 0.0138889
0 0.433984 0.0930556 0.00859375 0.0138889
0 0.414844 0.252083 0.009375 0.0152778
0 0.834766 0.405556 0.0101562 0.0138889
0 0.475 0.7125 0.0078125 0.0111111
0 0.653906 0.965278 0.0078125 0.0138889
0 0.355859 0.630556 0.00859375 0.0138889
0 0.744531 0.434722 0.009375 0.0138889
0 0.682031 0.577083 0.009375 0.0152778
0 0.451172 0.524306 0.00859375 0.0125
0 0.874609 0.392361 0.00859375 0.0125
0 0.467578 0.0284722 0.00859375 0.0125
0 0.440234 0.367361 0.00859375 0.0125
0 0.657812 0.380556 0.009375 0.0138889
0 0.597656 0.813889 0.009375 0.0138889
0 0.758203 0.472222 0.00859375 0.0138889
