0 0.777344 0.458333 0.0078125 0.0111111
0 0.132812 0.574306 0.0125 0.00972222
0 0.567187 0.365278 0.0078125 0.0111111
0 0.0691406 0.0201389 0.00703125 0.0125
0 0.560938 0.179861 0.009375 0.0125
0 0.622656 0.5625 0.0078125 0.0111111
0 0.653906 0.477778 0.0078125 0.0111111
0 0.888281 0.811806 0.0078125 0.0152778
0 0.217187 0.954167 0.0078125 0.0138889
0 0.669531 0.488194 0.0078125 0.00972222
0 0.327344 0.9625 0.0078125 0.0111111
0 0.201562 0.495139 0.0078125 0.00972222
0 0.254687 0.203472 0.0078125 0.0125
0 0.757031 0.139583 0.009375 0.0125
0 0.269531 0.830556 0.0078125 0.0111111
0 0.525391 0.109028 0.00859375 0.0125
0 0.771094 0.410417 0.009375 0.0125
0 0.832031 0.0611111 0.0078125 0.0138889
0 0.152344 0.609722 0.0078125 0.0111111
0 0.827344 0.907639 0.0078125 0.0125
0 0.239453 0.775 0.00703125 0.0111111
0 0.926562 0.0631944 0.0078125 0.0125
0 0.173438 0.678472 0.009375 0.0125
0 0.713672 0.183333 0.00859375 0.0138889
0 0.787109 0.413194 0.00703125 0.0125
0 0.932031 0.31875 0.009375 0.0152778
0 0.141797 0.561111 0.00703125 0.00833333
0 0.740625 0.613194 0.009375 0.0125
0 0.778906 0.448611 0.0078125 0.0138889
0 0.130078 0.575694 0.00703125 0.0125
0 0.217187 0.971528 0.0078125 0.0125
0 0.192188 0.493056 0.0078125 0.0111111
0 0.551172 0.505556 0.00859375 0.0138889
0 0.484766 0.914583 0.00859375 0.0125
0 0.729688 0.626389 0.0078125 0.0111111
0 0.71875 0.225 0.0078125 0.0111111
0 0.988672 0.469444 0.00859375 0.0138889
0 0.386328 0.741667 0.00859375 0.0138889
0 0.265234 0.0270833 0.00859375 0.0125
0 0.822266 0.148611 0.00859375 0.0111111
0 0.985937 0.440972 0.0078125 0.0125
0 0.168359 0.619444 0.00859375 0.0138889
0 0.0492188 0.890278 0.015625 0.0194444
0 0.389062 0.863194 0.0078125 0.0125
0 0.610547 0.350694 0.00703125 0.00972222
0 0.847266 0.169444 0.00859375 0.0111111
0 0.373828 0.23125 0.00859375 0.0125
0 0.615234 0.452778 0.00859375 0.0111111
0 0.433203 0.568056 0.00859375 0.0111111
0 0.864062 0.454167 0.0078125 0.0111111
0 0.532422 0.229861 0.00859375 0.0125
0 0.125781 0.448611 0.0078125 0.0111111
0 0.196484 0.647917 0.00859375 0.0125
0 0.980469 0.614583 0.0078125 0.00972222
0 0.846484 0.838194 0.00859375 0.0125
0 0.221875 0.647917 0.0078125 0.0125
0 0.354297 0.833333 0.00859375 0.0111111
0 0.164844 0.766667 0.0078125 0.0111111
0 0.0910156 0.309028 0.00859375 0.0125
0 0.135156 0.740278 0.0078125 0.0111111
0 0.277734 0.761806 0.00703125 0.00972222
0 0.454297 0.1625 0.00859375 0.0111111
0 0.673828 0.945139 0.00859375 0.0125
0 0.982813 0.33125 0.0078125 0.0125
0 0.185937 0.430556 0.0078125 0.0111111
0 0.4375 0.7625 0.0078125 0.0111111
0 0.4375 0.620139 0.0078125 0.0125
0 0.906641 0.248611 0.00859375 0.0111111
0 0.641797 0.319444 0.00859375 0.0111111
0 0.716406 0.977083 0.0078125 0.0125
0 0.895312 0.375694 0.0078125 0.0125
0 0.633594 0.0701389 0.0078125 0.0125
0 0.267188 0.963889 0.0078125 0.0111111
0 0.794922 0.475694 0.00859375 0.0125
0 0.194922 0.269444 0.00859375 0.0111111
0 0.542578 0.58125 0.00859375 0.0125
0 0.95625 0.415972 0.0078125 0.0125
0 0.769531 0.40625 0.0078125 0.0125
0 0.251953 0.658333 0.00859375 0.0111111
0 0.240625 0.303472 0.0078125 0.0125
0 0.566406 0.899306 0.0078125 0.0125
0 0.682031 0.731944 0.0078125 0.0111111
0 0.296094 0.302778 0.009375 0.0138889
0 0.449219 0.88125 0.0078125 0.0125
0 0.611719 0.719444 0.0078125 0.0138889
0 0.751562 0.689583 0.0078125 0.0125
0 0.923828 0.735417 0.00859375 0.0125
0 0.507812 0.360417 0.0078125 0.0125
