0 0.920703 0.961806 0.00859375 0.0125
0 0.675781 0.972222 0.0078125 0.0166667
0 0.00429688 0.572917 0.00703125 0.0152778
0 0.0457031 0.843056 0.00703125 0.0138889
0 0.2 0.164583 0.009375 0.0125
0 0.955859 0.580556 0.00859375 0.0111111
0 0.679297 0.9625 0.00859375 0.0138889
0 0.864844 0.308333 0.009375 0.0138889
0 0.0539063 0.0430556 0.00625 0.00833333
0 0.0675781 0.895139 0.00859375 0.0125
0 0.205078 0.538194 0.00859375 0.0125
0 0.660547 0.147222 0.00859375 0.0111111
0 0.322656 0.240278 0.0078125 0.0111111
0 0.0777344 0.309722 0.00703125 0.0111111
0 0.860937 0.295833 0.009375 0.0138889
0 0.05625 0.763194 0.0078125 0.0125
0 0.0957031 0.0541667 0.00703125 0.0111111
0 0.314844 0.909722 0.0078125 0.0111111
0 0.0660156 0.800694 0.00703125 0.0125
0 0.442969 0.0854167 0.0078125 0.00972222
0 0.917188 0.0923611 0.0078125 0.0125
0 0.697656 0.310417 0.0078125 0.0125
0 0.383594 0.935417 0.0078125 0.0125
0 0.350391 0.0604167 0.00859375 0.00972222
0 0.182031 0.797917 0.0078125 0.0125
0 0.653906 0.988194 0.0078125 0.0125
0 0.314844 0.177778 0.0078125 0.0111111
0 0.330859 0.774306 0.00859375 0.0125
0 0.128125 0.0541667 0.0078125 0.0111111
0 0.145313 0.529167 0.0078125 0.0111111
0 0.592188 0.885417 0.0078125 0.0125
0 0.833594 0.0416667 0.0078125 0.0111111
0 0.956641 0.728472 0.00859375 0.0125
0 0.376563 0.886806 0.0078125 0.0125
0 0.417188 0.435417 0.0078125 0.0125
0 0.127344 0.102778 0.0078125 0.0111111
0 0.776953 0.0638889 0.00859375 0.0111111
0 0.295312 0.075 0.0078125 0.0111111
0 0.682813 0.959722 0.0078125 0.0138889
0 0.510938 0.363889 0.009375 0.0138889
0 0.837109 0.34375 0.00859375 0.0125
0 0.492578 0.140278 0.00859375 0.0111111
0 0.676562 0.938194 0.0078125 0.0125
0 0.771875 0.695833 0.009375 0.0138889
0 0.866406 0.190972 0.0078125 0.0125
0 0.787109 0.208333 0.00859375 0.0138889
0 0.9375 0.109028 0.0078125 0.0125
0 0.657031 0.302083 0.0078125 0.0125
0 0.240625 0.470833 0.0078125 0.0111111
0 0.474609 0.0354167 0.00859375 0.00972222
0 0.561719 0.611806 0.0078125 0.0125
0 0.560547 0.769444 0.00703125 0.0111111
0 0.641016 0.429861 0.00859375 0.0125
0 0.881641 0.764583 0.0101562 0.0152778
0 0.169531 0.0194444 0.0078125 0.0111111
0 0.984375 0.402083 0.009375 0.0125
0 0.592969 0.273611 0.0078125 0.0111111
0 0.65 0.2625 0.009375 0.0138889
0 0.802734 0.0611111 0.00859375 0.0111111
0 0.714453 0.373611 0.00859375 0.0138889
0 0.587891 0.543056 0.00859375 0.0111111
0 0.600781 0.907639 0.0078125 0.0125
0 0.176563 0.638889 0.0078125 0.0111111
0 0.578125 0.809722 0.0078125 0.0111111
0 0.563672 0.318056 0.00859375 0.0111111
0 0.380859 0.827778 0.00859375 0.0111111
0 0.284375 0.750694 0.0078125 0.0125
0 0.316797 0.504167 0.00859375 0.0111111
0 0.794922 0.402083 0.00859375 0.0125
0 0.828516 0.392361 0.00859375 0.0125
0 0.965625 0.975 0.0078125 0.0138889
0 0.883203 0.227778 0.00859375 0.0138889
0 0.972266 0.551389 0.00859375 0.0138889
0 0.483984 0.663194 0.00859375 0.0125
0 0.390234 0.757639 0.00859375 0.0125
0 0.981641 0.298611 0.00859375 0.0138889
0 0.805078 0.564583 0.00859375 0.0125
0 0.509375 0.639583 0.0078125 0.00972222
0 0.912109 0.469444 0.00859375 0.0138889
0 0.803125 0.251389 0.0078125 0.0138889
0 0.600781 0.752778 0.0078125 0.0111111
0 0.831641 0.657639 0.0101562 0.0152778
0 0.509375 0.777083 0.0078125 0.0125
0 0.625 0.700694 0.009375 0.0125
0 0.994531 0.913194 0.0078125 0.0152778
0 0.453516 0.630556 0.00859375 0.0111111
