0 0.355078 0.939583 0.00859375 0.0125
0 0.0917969 0.761111 0.00703125 0.0111111
0 0.332031 0.211111 0.009375 0.0111111
0 0.166797 0.105556 0.00859375 0.0138889
0 0.0996094 0.0875 0.00703125 0.0111111
0 0.335547 0.0722222 0.0101562 0.0111111
0 0.352734 0.0645833 0.00859375 0.0125
0 0.123047 0.0104167 0.00859375 0.00972222
0 0.245703 0.354861 0.0101562 0.0125
0 0.957812 0.443056 0.0078125 0.0138889
0 0.336328 0.818056 0.00703125 0.0111111
0 0.948047 0.447222 0.0117188 0.0166667
0 0.245703 0.0840278 0.00859375 0.00972222
0 0.192578 0.0333333 0.00859375 0.0111111
0 0.709375 0.756944 0.009375 0.0166667
0 0.315625 0.106944 0.0078125 0.0111111
0 0.975 0.197222 0.0078125 0.0138889
0 0.303906 0.126389 0.0078125 0.0111111
0 0.489453 0.0125 0.0101562 0.0111111
0 0.202344 0.0833333 0.0078125 0.0111111
0 0.0414063 0.508333 0.009375 0.0138889
0 0.720312 0.755556 0.0078125 0.0138889
0 0.112109 0.398611 0.00859375 0.0111111
0 0.171875 0.194444 0.009375 0.0111111
0 0.0425781 0.205556 0.00703125 0.0111111
0 0.148828 0.389583 0.00859375 0.0125
0 0.0226563 0.174306 0.0078125 0.0125
0 0.887891 0.829861 0.00859375 0.0125
0 0.129688 0.0847222 0.0078125 0.0111111
0 0.351172 0.602778 0.00859375 0.0138889
0 0.989062 0.131944 0.0078125 0.0111111
0 0.0410156 0.125 0.00703125 0.0111111
0 0.926562 0.225694 0.0078125 0.0125
0 0.214062 0.370139 0.009375 0.0125
0 0.226953 0.575 0.00859375 0.0111111
0 0.460547 0.747222 0.00859375 0.0166667
0 0.0203125 0.520833 0.0078125 0.0138889
0 0.353906 0.715972 0.0078125 0.0152778
0 0.352734 0.347222 0.00859375 0.0138889
0 0.223047 0.306944 0.00859375 0.0111111
0 0.596484 0.709028 0.00859375 0.0152778
0 0.390625 0.391667 0.009375 0.0138889
0 0.353125 0.907639 0.0078125 0.0125
0 0.535547 0.515972 0.00859375 0.0152778
0 0.371875 0.39375 0.009375 0.0125
0 0.189063 0.554167 0.0078125 0.0111111
0 0.414844 0.0777778 0.0078125 0.0111111
0 0.418359 0.472917 0.00859375 0.0152778
0 0.826172 0.63125 0.00859375 0.0152778
0 0.289453 0.294444 0.00859375 0.0111111
0 0.380469 0.296528 0.0078125 0.0125
0 0.664844 0.175694 0.0078125 0.0125
0 0.663672 0.952083 0.00859375 0.0152778
0 0.484766 0.0965278 0.00859375 0.0125
0 0.843359 0.359722 0.00859375 0.0138889
0 0.894141 0.142361 0.00859375 0.0125
0 0.982813 0.336111 0.009375 0.0138889
0 0.773828 0.396528 0.00859375 0.0125
0 0.669922 0.328472 0.00859375 0.0152778
0 0.695312 0.0701389 0.009375 0.0125
0 0.878125 0.55 0.0078125 0.0138889
0 0.365234 0.508333 0.00859375 0.0111111
0 0.682813 0.154167 0.0078125 0.0138889
0 0.858594 0.0243056 0.0078125 0.0125
0 0.896484 0.594444 0.00859375 0.0138889
0 0.583984 0.175 0.00859375 0.0138889
0 0.622266 0.805556 0.00859375 0.0138889
0 0.898047 0.655556 0.00859375 0.0138889
0 0.1625 0.505556 0.009375 0.0138889
0 0.944531 0.45 0.009375 0.0166667
0 0.552344 0.713194 0.0078125 0.0125
0 0.748438 0.415972 0.009375 0.0152778
0 0.572266 0.693056 0.00859375 0.0138889
0 0.782422 0.895139 0.00859375 0.0125
0 0.966016 0.245139 0.00859375 0.0125
0 0.799219 0.967361 0.0078125 0.0125
0 0.964453 0.593056 0.00859375 0.0138889
0 0.95 0.9625 0.009375 0.0138889
0 0.75 0.679861 0.009375 0.0152778
0 0.261719 0.569444 0.009375 0.0138889
0 0.961719 0.897222 0.009375 0.0138889
0 0.441797 0.363194 0.00859375 0.0152778
