0 0.725 0.0729167 0.0078125 0.0125
0 0.290625 0.469444 0.0078125 0.0111111
0 0.710547 0.425694 0.00859375 0.0125
0 0.334375 0.222917 0.0078125 0.0125
0 0.265625 0.0409722 0.0078125 0.00972222
0 0.103516 0.368056 0.00859375 0.0111111
0 0.292969 0.454167 0.0078125 0.0111111
0 0.179297 0.690278 0.00859375 0.0111111
0 0.314453 0.791667 0.00703125 0.0111111
0 0.144922 0.101389 0.00703125 0.0111111
0 0.796484 0.765972 0.00859375 0.0125
0 0.466797 0.461111 0.00859375 0.0111111
0 0.608984 0.261111 0.00859375 0.0111111
0 0.580078 0.201389 0.00703125 0.0111111
0 0.632031 0.415278 0.009375 0.0138889
0 0.129297 0.511111 0.00859375 0.0111111
0 0.937891 0.711111 0.00859375 0.0138889
0 0.636328 0.432639 0.00859375 0.0125
0 0.841797 0.661111 0.00859375 0.0138889
0 0.560938 0.194444 0.0078125 0.0111111
0 0.0957031 0.59375 0.00859375 0.0125
0 0.414062 0.0138889 0.009375 0.0111111
0 0.871484 0.9875 0.00859375 0.0138889
0 0.313672 0.0826389 0.00859375 0.0125
0 0.191797 0.198611 0.00703125 0.0111111
0 0.963281 0.161111 0.009375 0.0111111
0 0.329297 0.477083 0.00859375 0.0125
0 0.566406 0.422917 0.0078125 0.0125
0 0.558594 0.221528 0.009375 0.0125
0 0.234766 0.416667 0.00859375 0.0138889
0 0.171484 0.224306 0.00859375 0.0125
0 0.680469 0.442361 0.009375 0.0125
0 0.427344 0.245139 0.0078125 0.00972222
0 0.742188 0.15 0.0078125 0.0111111
0 0.753125 0.280556 0.0078125 0.0138889
0 0.557422 0.0854167 0.00703125 0.0125
0 0.994141 0.829861 0.00859375 0.0125
0 0.512109 0.656944 0.00859375 0.0138889
0 0.682031 0.177778 0.0078125 0.0111111
0 0.551953 0.14375 0.00703125 0.0125
0 0.908594 0.170833 0.0078125 0.0111111
0 0.492969 0.227083 0.0078125 0.0125
0 0.328906 0.520833 0.0078125 0.0111111
0 0.930078 0.775694 0.00859375 0.0152778
0 0.481641 0.950694 0.00859375 0.0125
0 0.522266 0.222222 0.00859375 0.0111111
0 0.422266 0.548611 0.00859375 0.0111111
0 0.524609 0.525694 0.00859375 0.0125
0 0.620703 0.161111 0.00859375 0.0138889
0 0.507031 0.475 0.0078125 0.0111111
0 0.587891 0.806944 0.00859375 0.0111111
0 0.472656 0.347917 0.0078125 0.0125
0 0.580859 0.256944 0.00859375 0.0138889
0 0.827344 0.722917 0.0078125 0.0125
0 0.991406 0.375 0.0078125 0.0111111
0 0.791406 0.446528 0.0078125 0.0125
0 0.641797 0.746528 0.00859375 0.0125
0 0.571094 0.757639 0.0078125 0.0125
0 0.357812 0.238194 0.0078125 0.0125
0 0.958203 0.589583 0.00859375 0.0125
0 0.498828 0.285417 0.00859375 0.0125
0 0.960156 0.497917 0.009375 0.0125
0 0.735937 0.809722 0.0078125 0.0138889
0 0.826172 0.909722 0.00859375 0.0138889
0 0.622266 0.496528 0.00859375 0.0125
0 0.710547 0.751389 0.00859375 0.0138889
