0 0.371875 0.331944 0.009375 0.0138889
0 0.842969 0.526389 0.0109375 0.0166667
0 0.894531 0.239583 0.0078125 0.0125
0 0.451562 0.0555556 0.0078125 0.0138889
0 0.139844 0.468056 0.0078125 0.0111111
0 0.797656 0.33125 0.009375 0.0125
0 0.776563 0.361111 0.0078125 0.0138889
0 0.327734 0.370833 0.00859375 0.0111111
0 0.709766 0.861806 0.0101562 0.0152778
0 0.773438 0.359028 0.009375 0.0152778
0 0.0667969 0.145833 0.00859375 0.0138889
0 0.128516 0.0291667 0.0101562 0.0166667
0 0.426172 0.1875 0.00859375 0.0138889
0 0.2125 0.875 0.0078125 0.0138889
0 0.812109 0.389583 0.00859375 0.0125
0 0.152344 0.0381944 0.0078125 0.00972222
0 0.162891 0.258333 0.00859375 0.0111111
0 0.705078 0.213889 0.00859375 0.0111111
0 0.325781 0.813194 0.0078125 0.0125
0 0.375391 0.0270833 0.00703125 0.0125
0 0.0753906 0.171528 0.00859375 0.0125
0 0.908203 0.607639 0.00859375 0.0125
0 0.209766 0.61875 0.00859375 0.0125
0 0.346094 0.0270833 0.009375 0.0125
0 0.777344 0.0875 0.0078125 0.0111111
0 0.395312 0.884028 0.0078125 0.0125
0 0.555078 0.0291667 0.00859375 0.0111111
0 0.179688 0.0263889 0.0078125 0.0111111
0 0.252344 0.459028 0.0078125 0.0125
0 0.990625 0.818056 0.009375 0.0138889
0 0.914062 0.315278 0.009375 0.0166667
0 0.229297 0.00902778 0.00703125 0.0125
0 0.194531 0.343056 0.0078125 0.0111111
0 0.397266 0.0923611 0.00859375 0.0125
0 0.3 0.83125 0.0078125 0.0125
0 0.525 0.0444444 0.0078125 0.0138889
0 0.938281 0.472222 0.0078125 0.0138889
0 0.928125 0.614583 0.0078125 0.0125
0 0.982031 0.955556 0.009375 0.0138889
0 0.731641 0.159028 0.00859375 0.0125
0 0.150391 0.564583 0.00859375 0.0125
0 0.614062 0.511806 0.009375 0.0125
0 0.719531 0.292361 0.009375 0.0125
0 0.852734 0.500694 0.00859375 0.0152778
0 0.517578 0.886111 0.00859375 0.0138889
0 0.602344 0.427778 0.0078125 0.0138889
0 0.378125 0.211806 0.0078125 0.0125
0 0.234375 0.289583 0.0078125 0.0125
0 0.609375 0.138889 0.009375 0.0138889
0 0.679297 0.940278 0.0101562 0.0138889
0 0.188672 0.215278 0.00859375 0.0111111
0 0.519922 0.302083 0.00859375 0.0125
0 0.535937 0.189583 0.0078125 0.0125
0 0.8875 0.509028 0.0078125 0.0125
0 0.328516 0.302083 0.00859375 0.0125
0 0.545703 0.661806 0.00859375 0.0125
0 0.532031 0.502083 0.009375 0.0125
0 0.273047 0.779167 0.00859375 0.0138889
0 0.485938 0.128472 0.0078125 0.0125
0 0.901172 0.180556 0.00859375 0.0111111
0 0.433203 0.122917 0.00859375 0.0125
0 0.857031 0.456944 0.0078125 0.0138889
0 0.652734 0.856944 0.00859375 0.0138889
0 0.943359 0.436806 0.00859375 0.0125
0 0.564062 0.382639 0.0078125 0.0125
0 0.590625 0.500694 0.0078125 0.0125
0 0.923047 0.951389 0.00859375 0.0138889
0 0.383984 0.91875 0.00859375 0.0152778
0 0.488281 0.70625 0.0078125 0.0125
0 0.520312 0.839583 0.0078125 0.0125
0 0.554688 0.264583 0.0078125 0.0125
0 0.444922 0.228472 0.00859375 0.0125
0 0.349609 0.740278 0.00859375 0.0111111
0 0.665234 0.81875 0.00859375 0.0125
0 0.745313 0.520139 0.009375 0.0125
0 0.513672 0.608333 0.00859375 0.0138889
0 0.881641 0.429167 0.00859375 0.0138889
0 0.621484 0.829167 0.00859375 0.0138889
0 0.660156 0.452778 0.009375 0.0166667
0 0.802344 0.661806 0.0078125 0.0125
0 0.596875 0.385417 0.0078125 0.0125
0 0.838672 0.529167 0.00859375 0.0138889
0 0.416797 0.563194 0.00859375 0.0125
0 0.860547 0.701389 0.00859375 0.0138889
