0 0.711328 0.746528 0.00859375 0.0180556
0 0.244531 0.20625 0.0078125 0.0125
0 0.0570313 0.129861 0.0078125 0.0125
0 0.176563 0.915278 0.009375 0.0138889
0 0.425781 0.929861 0.0078125 0.0152778
0 0.0632813 0.181944 0.00625 0.0111111
0 0.865234 0.413889 0.00859375 0.0166667
0 0.390625 0.505556 0.0078125 0.0138889
0 0.846875 0.0263889 0.0078125 0.0166667
0 0.103516 0.475 0.00859375 0.0111111
0 0.186719 0.0430556 0.0078125 0.0111111
0 0.138281 0.681944 0.0078125 0.0111111
0 0.723437 0.840278 0.0078125 0.0166667
0 0.0792969 0.0805556 0.00703125 0.0111111
0 0.228516 0.974306 0.00859375 0.0125
0 0.733203 0.478472 0.0101562 0.0236111
0 0.109375 0.370833 0.0078125 0.0111111
0 0.123438 0.494444 0.009375 0.0111111
0 0.239844 0.113889 0.0078125 0.0111111
0 0.11875 0.0548611 0.0078125 0.0125
0 0.535547 0.351389 0.00859375 0.0138889
0 0.187891 0.8125 0.00859375 0.0138889
0 0.154687 0.0541667 0.0078125 0.0111111
0 0.0898438 0.177083 0.00625 0.00972222
0 0.748828 0.253472 0.00859375 0.0180556
0 0.886719 0.0340278 0.0078125 0.0125
0 0.423047 0.3625 0.00859375 0.0138889
0 0.652734 0.511111 0.00859375 0.0138889
0 0.145313 0.163889 0.0078125 0.0111111
0 0.755859 0.931944 0.00859375 0.0138889
0 0.275781 0.549306 0.0078125 0.0125
0 0.0796875 0.922917 0.0078125 0.0125
0 0.959375 0.102778 0.0078125 0.0138889
0 0.248828 0.909722 0.00859375 0.0111111
0 0.623438 0.230556 0.009375 0.0138889
0 0.625391 0.0701389 0.00859375 0.0152778
0 0.497656 0.00972222 0.0078125 0.0111111
0 0.185937 0.545139 0.0078125 0.0125
0 0.303125 0.899306 0.0078125 0.0125
0 0.485938 0.698611 0.009375 0.0138889
0 0.877734 0.207639 0.00859375 0.0152778
0 0.949219 0.33125 0.009375 0.0152778
0 0.485938 0.152778 0.009375 0.0138889
0 0.838281 0.974306 0.009375 0.0152778
0 0.407031 0.657639 0.0078125 0.0125
0 0.390234 0.23125 0.00859375 0.0152778
0 0.439844 0.376389 0.0078125 0.0138889
0 0.601953 0.833333 0.00859375 0.0166667
0 0.454297 0.963889 0.00859375 0.0138889
0 0.974609 0.648611 0.0101562 0.0138889
0 0.535156 0.306944 0.009375 0.0166667
0 0.530469 0.0965278 0.0078125 0.0125
0 0.467187 0.346528 0.0078125 0.0152778
0 0.685156 0.0305556 0.0078125 0.0138889
0 0.564453 0.509722 0.00859375 0.0166667
0 0.260547 0.678472 0.00859375 0.0125
0 0.902734 0.781944 0.00859375 0.0166667
0 0.830859 0.76875 0.00859375 0.0152778
0 0.497266 0.631944 0.00859375 0.0138889
0 0.563281 0.826389 0.0078125 0.0138889
0 0.379297 0.829861 0.00859375 0.0125
0 0.660156 0.340972 0.009375 0.0152778
0 0.717578 0.64375 0.00859375 0.0152778
