0 0.21875 0.954861 0.0078125 0.00972222
0 0.224219 0.893056 0.0078125 0.0111111
0 0.124219 0.843056 0.0078125 0.0111111
0 0.167969 0.15 0.009375 0.0138889
0 0.863672 0.475 0.00859375 0.0111111
0 0.348437 0.963889 0.0078125 0.0111111
0 0.0132813 0.0444444 0.0078125 0.0111111
0 0.308594 0.0659722 0.0078125 0.0125
0 0.847266 0.529861 0.00859375 0.0125
0 0.303906 0.0513889 0.0078125 0.0138889
0 0.285547 0.504861 0.00859375 0.00972222
0 0.549219 0.388194 0.0078125 0.0125
0 0.0949219 0.325 0.00859375 0.0111111
0 0.168359 0.778472 0.00703125 0.00972222
0 0.185547 0.8125 0.00703125 0.0111111
0 0.100391 0.20625 0.00703125 0.00972222
0 0.144922 0.683333 0.00859375 0.0111111
0 0.117578 0.207639 0.00859375 0.00972222
0 0.521484 0.159722 0.00859375 0.0138889
0 0.111719 0.300694 0.0078125 0.0125
0 0.373437 0.341667 0.009375 0.0138889
0 0.994141 0.300694 0.00703125 0.0125
0 0.0496094 0.190972 0.00859375 0.00972222
0 0.996094 0.7375 0.00625 0.0138889
0 0.300781 0.715278 0.0078125 0.0111111
0 0.423438 0.628472 0.0078125 0.0125
0 0.177734 0.215972 0.0101562 0.0125
0 0.847656 0.122917 0.0078125 0.0125
0 0.264453 0.194444 0.00859375 0.0138889
0 0.874609 0.231944 0.00703125 0.0111111
0 0.899609 0.0701389 0.00703125 0.0125
0 0.0484375 0.501389 0.0078125 0.0111111
0 0.991797 0.623611 0.00859375 0.0138889
0 0.133203 0.0541667 0.00859375 0.0111111
0 0.888672 0.306944 0.00859375 0.0111111
0 0.110156 0.739583 0.0078125 0.0125
0 0.730078 0.109722 0.00703125 0.0111111
0 0.110547 0.14375 0.00859375 0.0125
0 0.116406 0.270833 0.0078125 0.0111111
0 0.984375 0.559028 0.009375 0.0152778
0 0.758984 0.336806 0.0101562 0.0152778
0 0.378125 0.970139 0.0078125 0.0125
0 0.358984 0.266667 0.00859375 0.0138889
0 0.75 0.0958333 0.0078125 0.0111111
0 0.356641 0.867361 0.00859375 0.0125
0 0.266016 0.2375 0.00859375 0.0111111
0 0.772266 0.806944 0.0101562 0.0138889
0 0.614453 0.491667 0.00859375 0.0111111
0 0.782812 0.0840278 0.0078125 0.0125
0 0.707031 0.120139 0.0078125 0.0125
0 0.707812 0.780556 0.009375 0.0138889
0 0.450391 0.639583 0.0101562 0.0152778
0 0.712891 0.945833 0.00859375 0.0138889
0 0.599219 0.974306 0.0078125 0.0125
0 0.289453 0.7625 0.00703125 0.0111111
0 0.225391 0.450694 0.00859375 0.0125
0 0.741406 0.192361 0.0078125 0.0125
0 0.567969 0.921528 0.0078125 0.0125
0 0.627344 0.457639 0.009375 0.0125
0 0.939062 0.0909722 0.0078125 0.0125
0 0.570312 0.577778 0.0078125 0.0111111
0 0.691016 0.896528 0.00703125 0.0125
0 0.751953 0.970139 0.00859375 0.0125
0 0.564062 0.875 0.009375 0.0138889
0 0.258984 0.456944 0.00859375 0.0138889
0 0.216016 0.259722 0.00859375 0.0138889
0 0.781641 0.572222 0.00859375 0.0111111
0 0.808203 0.79375 0.00859375 0.0125
0 0.644922 0.411111 0.00859375 0.0138889
0 0.730078 0.834722 0.00859375 0.0138889
0 0.814453 0.345833 0.00859375 0.0138889
0 0.610547 0.519444 0.00859375 0.0138889
0 0.825391 0.284722 0.00859375 0.0138889
0 0.603516 0.7375 0.00703125 0.0138889
0 0.585547 0.41875 0.00859375 0.0125
0 0.594141 0.186806 0.00859375 0.0125
0 0.658594 0.458333 0.009375 0.0138889
0 0.883984 0.546528 0.00859375 0.0125
0 0.866797 0.443056 0.00859375 0.0111111
0 0.551172 0.46875 0.00859375 0.0125
0 0.442187 0.752083 0.0078125 0.0125
0 0.563281 0.264583 0.0078125 0.0125
0 0.275 0.53125 0.009375 0.0125
0 0.521484 0.714583 0.00859375 0.0125
