0 0.945312 0.484028 0.009375 0.0125
0 0.692187 0.364583 0.009375 0.0152778
0 0.209766 0.5875 0.00859375 0.0111111
0 0.811328 0.05 0.00859375 0.0138889
0 0.0144531 0.632639 0.00703125 0.0125
0 0.650391 0.18125 0.00703125 0.0125
0 0.848047 0.963889 0.00859375 0.0138889
0 0.382031 0.650694 0.009375 0.0125
0 0.105859 0.956944 0.00703125 0.0111111
0 0.941016 0.00763889 0.0132813 0.0125
0 0.566406 0.184722 0.0078125 0.0111111
0 0.428125 0.626389 0.0078125 0.0111111
0 0.307422 0.738194 0.00859375 0.00972222
0 0.232812 0.972222 0.0078125 0.0111111
0 0.896875 0.0694444 0.0078125 0.0138889
0 0.896484 0.0833333 0.00859375 0.0138889
0 0.237891 0.809028 0.00859375 0.0125
0 0.0371094 0.448611 0.00703125 0.0111111
0 0.663281 0.197917 0.0078125 0.0125
0 0.602344 0.428472 0.009375 0.0125
0 0.444922 0.320833 0.00859375 0.0111111
0 0.221484 0.0541667 0.0101562 0.0166667
0 0.414062 0.0291667 0.009375 0.0111111
0 0.321875 0.0875 0.0078125 0.0111111
0 0.387891 0.622917 0.00859375 0.0125
0 0.439844 0.871528 0.0078125 0.0125
0 0.237109 0.0375 0.00703125 0.0111111
0 0.351562 0.415278 0.009375 0.0138889
0 0.754297 0.359722 0.00859375 0.0111111
0 0.197266 0.614583 0.00859375 0.0125
0 0.315625 0.776389 0.0078125 0.0111111
0 0.791016 0.572222 0.00859375 0.0138889
0 0.290625 0.159028 0.0078125 0.0125
0 0.560156 0.555556 0.0078125 0.0111111
0 0.988281 0.834028 0.0078125 0.0125
0 0.0390625 0.567361 0.0078125 0.0125
0 0.984375 0.0569444 0.0078125 0.0111111
0 0.127734 0.0875 0.00703125 0.0111111
0 0.955859 0.185417 0.00703125 0.0125
0 0.488281 0.0875 0.0078125 0.0111111
0 0.146875 0.731944 0.0078125 0.0111111
0 0.136719 0.204167 0.0078125 0.0111111
0 0.053125 0.475694 0.0078125 0.0125
0 0.297656 0.0930556 0.0078125 0.0111111
0 0.125 0.229167 0.0078125 0.0111111
0 0.103125 0.551389 0.0078125 0.0111111
0 0.777734 0.16875 0.00859375 0.0125
0 0.995313 0.318056 0.00625 0.0111111
0 0.229297 0.440972 0.00859375 0.0125
0 0.666016 0.241667 0.00859375 0.0111111
0 0.713281 0.901389 0.009375 0.0138889
0 0.0707031 0.871528 0.00859375 0.0125
0 0.665625 0.0798611 0.0078125 0.0125
0 0.152344 0.286111 0.0078125 0.0111111
0 0.122656 0.707639 0.0078125 0.0125
0 0.36875 0.0430556 0.0078125 0.0111111
0 0.975781 0.16875 0.0078125 0.0125
0 0.280859 0.83125 0.00859375 0.0125
0 0.975391 0.568056 0.00859375 0.0138889
0 0.436328 0.211111 0.00859375 0.0111111
0 0.596484 0.450694 0.00859375 0.0125
0 0.48125 0.40625 0.0078125 0.0125
0 0.812891 0.79375 0.00859375 0.0125
0 0.236328 0.0819444 0.00703125 0.0111111
0 0.664844 0.0319444 0.0078125 0.0111111
0 0.284375 0.695833 0.0078125 0.0111111
0 0.692187 0.257639 0.0078125 0.0125
0 0.579687 0.263889 0.0078125 0.0111111
0 0.603906 0.202083 0.0078125 0.0125
0 0.128125 0.376389 0.0078125 0.0111111
0 0.939844 0.946528 0.0078125 0.0125
0 0.207813 0.25625 0.0078125 0.0125
0 0.455859 0.676389 0.00703125 0.0111111
0 0.827344 0.640972 0.009375 0.0125
0 0.242188 0.275 0.0078125 0.0111111
0 0.991797 0.506944 0.00859375 0.0138889
0 0.846094 0.679167 0.009375 0.0138889
0 0.35625 0.308333 0.0078125 0.0111111
0 0.645703 0.728472 0.00859375 0.0125
0 0.321875 0.634722 0.0078125 0.0111111
0 0.869531 0.690972 0.009375 0.0125
0 0.758203 0.389583 0.00859375 0.0125
0 0.158203 0.340278 0.00703125 0.0111111
0 0.25625 0.565278 0.0078125 0.0111111
0 0.492188 0.643056 0.0078125 0.0111111
0 0.922266 0.654861 0.00859375 0.0125
0 0.860937 0.961111 0.009375 0.0138889
0 0.783594 0.259028 0.0078125 0.0125
0 0.528125 0.577778 0.0078125 0.0111111
0 0.222656 0.401389 0.0078125 0.0111111
0 0.660937 0.752778 0.0078125 0.0138889
0 0.508594 0.90625 0.0078125 0.0125
0 0.754687 0.776389 0.0078125 0.0111111
0 0.640625 0.350694 0.0078125 0.0125
0 0.925391 0.596528 0.00859375 0.0125
0 0.503906 0.486806 0.0078125 0.0125
0 0.578516 0.649306 0.00703125 0.0125
