0 0.666406 0.772222 0.0078125 0.0111111
0 0.133984 0.440972 0.00703125 0.0125
0 0.996094 0.75 0.00625 0.0138889
0 0.152344 0.747917 0.0078125 0.00972222
0 0.275 0.942361 0.0078125 0.00972222
0 0.113672 0.584028 0.00703125 0.00972222
0 0.0976562 0.5875 0.0078125 0.0111111
0 0.724609 0.871528 0.00859375 0.0180556
0 0.728906 0.142361 0.009375 0.0125
0 0.223828 0.851389 0.00859375 0.0111111
0 0.298438 0.639583 0.0078125 0.0125
0 0.738672 0.746528 0.00859375 0.0125
0 0.298828 0.0451389 0.00859375 0.0125
0 0.157813 0.432639 0.0109375 0.0180556
0 0.669531 0.147917 0.0078125 0.0125
0 0.134766 0.195833 0.00703125 0.0111111
0 0.719531 0.756944 0.009375 0.0138889
0 0.83125 0.667361 0.009375 0.0125
0 0.859375 0.601389 0.009375 0.0166667
0 0.23125 0.283333 0.0078125 0.0111111
0 0.960156 0.00555556 0.0078125 0.0111111
0 0.195703 0.529861 0.00859375 0.0125
0 0.854688 0.186111 0.009375 0.0111111
0 0.338672 0.0243056 0.00859375 0.0125
0 0.810547 0.0743056 0.00859375 0.0125
0 0.254687 0.823611 0.009375 0.0111111
0 0.707422 0.759028 0.0101562 0.0152778
0 0.195312 0.220833 0.0078125 0.0111111
0 0.426953 0.15625 0.00859375 0.0125
0 0.837109 0.480556 0.00859375 0.0138889
0 0.625 0.420139 0.009375 0.0125
0 0.296094 0.0930556 0.0078125 0.0111111
0 0.427344 0.228472 0.009375 0.0125
0 0.326562 0.0916667 0.0078125 0.0111111
0 0.76875 0.400694 0.009375 0.0125
0 0.562891 0.227778 0.00859375 0.0138889
0 0.969141 0.460417 0.00859375 0.0125
0 0.973828 0.220139 0.00859375 0.0152778
0 0.363672 0.893056 0.00859375 0.0138889
0 0.477344 0.0173611 0.0078125 0.0125
0 0.983203 0.909028 0.00859375 0.0152778
0 0.404297 0.329167 0.00859375 0.0111111
0 0.610547 0.214583 0.00859375 0.0125
0 0.304297 0.4375 0.00859375 0.0111111
0 0.317969 0.142361 0.0078125 0.0125
0 0.878516 0.621528 0.00859375 0.0125
0 0.304297 0.54375 0.00859375 0.0125
0 0.246484 0.636111 0.00859375 0.0111111
0 0.497266 0.633333 0.00859375 0.0138889
0 0.583594 0.56875 0.009375 0.0125
0 0.749609 0.851389 0.00859375 0.0138889
0 0.474219 0.109028 0.0078125 0.0125
0 0.262891 0.175 0.00859375 0.0111111
0 0.621875 0.807639 0.009375 0.0152778
0 0.816406 0.93125 0.009375 0.0152778
0 0.252344 0.507639 0.0078125 0.0125
0 0.720703 0.563889 0.00859375 0.0138889
0 0.523438 0.777778 0.0078125 0.0138889
0 0.375781 0.639583 0.009375 0.0125
0 0.702344 0.175 0.0078125 0.0138889
0 0.525391 0.682639 0.00859375 0.0125
0 0.260156 0.4125 0.009375 0.0138889
0 0.686719 0.685417 0.009375 0.0125
0 0.885938 0.672222 0.009375 0.0138889
0 0.566016 0.713889 0.00859375 0.0138889
0 0.808594 0.295833 0.009375 0.0138889
