0 0.680859 0.416667 0.0101562 0.0138889
0 0.564062 0.00625 0.0078125 0.00972222
0 0.326953 0.711806 0.00703125 0.0125
0 0.688672 0.249306 0.00859375 0.0152778
0 0.538281 0.0861111 0.0078125 0.0111111
0 0.894922 0.532639 0.00859375 0.0152778
0 0.255469 0.486806 0.0078125 0.0125
0 0.169141 0.201389 0.00703125 0.0111111
0 0.259375 0.779861 0.0078125 0.00972222
0 0.289062 0.580556 0.0078125 0.0111111
0 0.0421875 0.625 0.0078125 0.0111111
0 0.457422 0.690972 0.0101562 0.0125
0 0.0382813 0.55 0.0078125 0.0111111
0 0.301562 0.259028 0.009375 0.0125
0 0.271875 0.0909722 0.0078125 0.0125
0 0.976172 0.0729167 0.00859375 0.0125
0 0.084375 0.0604167 0.0078125 0.00972222
0 0.760938 0.708333 0.009375 0.0138889
0 0.536328 0.75625 0.00859375 0.0125
0 0.136719 0.911806 0.0078125 0.0125
0 0.212109 0.575 0.00703125 0.0111111
0 0.377734 0.454861 0.00859375 0.0125
0 0.361719 0.929861 0.0078125 0.0125
0 0.0269531 0.297222 0.00703125 0.0111111
0 0.604297 0.797222 0.0101562 0.0138889
0 0.911328 0.988194 0.00859375 0.0125
0 0.228125 0.676389 0.0078125 0.0111111
0 0.459375 0.972917 0.0078125 0.0125
0 0.253516 0.438889 0.00703125 0.0111111
0 0.298438 0.0743056 0.0078125 0.0125
0 0.238672 0.7875 0.00859375 0.0111111
0 0.622656 0.0486111 0.0078125 0.0111111
0 0.210156 0.106944 0.0078125 0.0111111
0 0.751953 0.191667 0.00859375 0.0138889
0 0.546484 0.0618056 0.00703125 0.00972222
0 0.828125 0.972917 0.009375 0.0152778
0 0.840625 0.875 0.009375 0.0138889
0 0.350781 0.0631944 0.009375 0.0152778
0 0.404297 0.928472 0.00859375 0.0125
0 0.963281 0.427083 0.0078125 0.0125
0 0.160547 0.4 0.00703125 0.0111111
0 0.939062 0.0381944 0.0078125 0.0125
0 0.383984 0.253472 0.00859375 0.0125
0 0.550391 0.452083 0.00859375 0.0125
0 0.480469 0.3125 0.0078125 0.0111111
0 0.328125 0.520833 0.0078125 0.0111111
0 0.0984375 0.305556 0.0078125 0.0111111
0 0.2 0.690972 0.0078125 0.0125
0 0.994531 0.361111 0.0078125 0.0138889
0 0.0632813 0.259722 0.0078125 0.0111111
0 0.136719 0.369444 0.0078125 0.0111111
0 0.863281 0.553472 0.0078125 0.0125
0 0.78125 0.145139 0.0078125 0.0125
0 0.384766 0.40625 0.00859375 0.0125
0 0.885547 0.152083 0.00859375 0.0125
0 0.939844 0.895139 0.009375 0.0125
0 0.925391 0.380556 0.00859375 0.0138889
0 0.555078 0.136806 0.00859375 0.0125
0 0.869922 0.917361 0.00859375 0.0125
0 0.819141 0.6125 0.00859375 0.0138889
0 0.311719 0.360417 0.0078125 0.0125
0 0.95625 0.940972 0.0078125 0.0125
0 0.602344 0.476389 0.009375 0.0138889
0 0.230078 0.420139 0.00859375 0.0125
0 0.833594 0.117361 0.0078125 0.0125
0 0.977734 0.378472 0.00859375 0.0125
0 0.6375 0.906944 0.009375 0.0138889
0 0.508984 0.215972 0.00859375 0.0125
0 0.826172 0.895139 0.00859375 0.0125
0 0.763281 0.5375 0.0078125 0.0138889
0 0.677734 0.828472 0.00859375 0.0125
0 0.865234 0.428472 0.00703125 0.0125
0 0.899609 0.436806 0.00859375 0.0125
0 0.946094 0.705556 0.009375 0.0138889
0 0.733203 0.419444 0.00859375 0.0138889
0 0.909375 0.50625 0.0078125 0.0125
0 0.619922 0.695139 0.00859375 0.0125
0 0.810547 0.441667 0.00859375 0.0138889
