0 0.322266 0.497917 0.00859375 0.00972222
0 0.323047 0.772222 0.00703125 0.0111111
0 0.0539063 0.991667 0.009375 0.0111111
0 0.509766 0.136111 0.0101562 0.0138889
0 0.657422 0.529861 0.0101562 0.0125
0 0.911328 0.420833 0.0101562 0.0166667
0 0.202344 0.815972 0.0078125 0.0125
0 0.570312 0.286806 0.009375 0.0125
0 0.734766 0.390278 0.0117188 0.0138889
0 0.166797 0.922917 0.00703125 0.00972222
0 0.346875 0.0548611 0.0078125 0.0125
0 0.326172 0.713889 0.00703125 0.0111111
0 0.0472656 0.708333 0.00859375 0.0138889
0 0.946484 0.0708333 0.00859375 0.0138889
0 0.835547 0.642361 0.0101562 0.0180556
0 0.0742188 0.699306 0.0078125 0.0125
0 0.312109 0.502083 0.00859375 0.0125
0 0.228125 0.808333 0.009375 0.0138889
0 0.847656 0.492361 0.009375 0.0152778
0 0.075 0.131944 0.0078125 0.0111111
0 0.9875 0.8125 0.009375 0.0166667
0 0.452344 0.61875 0.0078125 0.0125
0 0.412891 0.0402778 0.00859375 0.0138889
0 0.192578 0.236111 0.00859375 0.0111111
0 0.339063 0.157639 0.009375 0.0152778
0 0.250391 0.770139 0.00859375 0.0125
0 0.570703 0.291667 0.0101562 0.0138889
0 0.0640625 0.364583 0.0078125 0.0125
0 0.580859 0.35 0.0101562 0.0138889
0 0.594141 0.0763889 0.00703125 0.0111111
0 0.76875 0.663889 0.0109375 0.0194444
0 0.246484 0.55 0.00703125 0.0111111
0 0.974219 0.216667 0.009375 0.0138889
0 0.697266 0.740278 0.00859375 0.0166667
0 0.751172 0.660417 0.0101562 0.0180556
0 0.723828 0.129861 0.00859375 0.0125
0 0.7625 0.513889 0.009375 0.0138889
0 0.775 0.600694 0.009375 0.0152778
0 0.526563 0.954167 0.0078125 0.0138889
0 0.520703 0.490972 0.0101562 0.0125
0 0.545313 0.384722 0.0109375 0.0138889
0 0.248047 0.585417 0.00703125 0.0125
0 0.803906 0.4625 0.009375 0.0138889
0 0.261328 0.203472 0.00859375 0.0125
0 0.415625 0.677083 0.0078125 0.0125
0 0.7375 0.799306 0.009375 0.0180556
0 0.501172 0.0159722 0.00859375 0.0125
0 0.204297 0.266667 0.00859375 0.0111111
0 0.2875 0.596528 0.0078125 0.0125
0 0.585547 0.0354167 0.00859375 0.0125
0 0.503906 0.706944 0.009375 0.0138889
0 0.276563 0.344444 0.0078125 0.0111111
0 0.455469 0.738194 0.009375 0.0125
0 0.312109 0.2875 0.00859375 0.0138889
0 0.827734 0.9625 0.00859375 0.0138889
0 0.388672 0.956944 0.00859375 0.0138889
0 0.469922 0.427778 0.00859375 0.0111111
0 0.446094 0.29375 0.009375 0.0125
0 0.657031 0.0395833 0.0078125 0.0125
0 0.557031 0.209722 0.0078125 0.0138889
0 0.713281 0.261111 0.009375 0.0138889
0 0.698047 0.335417 0.0101562 0.0152778
0 0.558984 0.8 0.00859375 0.0138889
0 0.694922 0.611806 0.0101562 0.0180556
0 0.964063 0.911806 0.009375 0.0152778
0 0.644531 0.705556 0.009375 0.0138889
0 0.533594 0.867361 0.009375 0.0152778
0 0.375781 0.207639 0.0109375 0.0152778
