0 0.162891 0.572222 0.00859375 0.0111111
0 0.0777344 0.715278 0.00703125 0.0111111
0 0.485547 0.776389 0.00859375 0.0166667
0 0.078125 0.215972 0.0078125 0.00972222
0 0.167187 0.264583 0.0078125 0.00972222
0 0.476172 0.85 0.00859375 0.0138889
0 0.674609 0.10625 0.00859375 0.0180556
0 0.0816406 0.574306 0.00859375 0.0125
0 0.132422 0.663889 0.00859375 0.0111111
0 0.194531 0.886111 0.009375 0.0111111
0 0.210547 0.3625 0.00859375 0.0138889
0 0.252344 0.0180556 0.0078125 0.0111111
0 0.700391 0.95625 0.00859375 0.0125
0 0.209766 0.252778 0.00703125 0.0111111
0 0.914453 0.389583 0.00859375 0.0180556
0 0.0359375 0.471528 0.0078125 0.0125
0 0.782031 0.49375 0.009375 0.0152778
0 0.369141 0.361806 0.00859375 0.0152778
0 0.564062 0.846528 0.0078125 0.0125
0 0.196875 0.473611 0.0078125 0.0111111
0 0.847266 0.638889 0.00859375 0.0138889
0 0.617969 0.154861 0.009375 0.0180556
0 0.406641 0.259722 0.00859375 0.0111111
0 0.958594 0.936806 0.009375 0.0125
0 0.658203 0.9625 0.00859375 0.0111111
0 0.833594 0.978472 0.009375 0.0125
0 0.335156 0.41875 0.009375 0.0152778
0 0.522266 0.459722 0.00859375 0.0138889
0 0.532422 0.213889 0.00859375 0.0138889
0 0.251563 0.355556 0.0078125 0.0111111
0 0.559766 0.447222 0.00859375 0.0138889
0 0.344531 0.380556 0.009375 0.0166667
0 0.657422 0.811111 0.00859375 0.0138889
0 0.0914062 0.684028 0.0078125 0.0125
0 0.807813 0.884028 0.0078125 0.0125
0 0.847266 0.86875 0.00859375 0.0125
0 0.852344 0.232639 0.0078125 0.0125
0 0.909375 0.350694 0.009375 0.0152778
0 0.804297 0.838194 0.00859375 0.0125
0 0.804297 0.635417 0.00859375 0.0125
0 0.0609375 0.439583 0.0078125 0.0125
0 0.317578 0.416667 0.00859375 0.0138889
0 0.230469 0.582639 0.0078125 0.0125
0 0.852344 0.674306 0.0078125 0.0125
0 0.978516 0.311111 0.00859375 0.0138889
0 0.827734 0.784722 0.00859375 0.0111111
0 0.560547 0.724306 0.00859375 0.0152778
0 0.537891 0.145139 0.00859375 0.0125
0 0.358203 0.536111 0.00859375 0.0138889
0 0.915234 0.752083 0.00859375 0.0125
0 0.834766 0.609028 0.0101562 0.0152778
0 0.505859 0.6875 0.00859375 0.0138889
0 0.897656 0.872917 0.009375 0.0125
0 0.396484 0.379861 0.00859375 0.0152778
0 0.782031 0.528472 0.0078125 0.0125
0 0.378516 0.552778 0.00859375 0.0138889
0 0.832031 0.558333 0.009375 0.0138889
