0 0.831641 0.429167 0.00859375 0.0138889
0 0.792188 0.909028 0.009375 0.0152778
0 0.0503906 0.490278 0.00859375 0.0111111
0 0.171094 0.0208333 0.0078125 0.0111111
0 0.0855469 0.1375 0.00703125 0.0111111
0 0.5125 0.333333 0.0078125 0.0111111
0 0.161719 0.390278 0.009375 0.0111111
0 0.00820312 0.764583 0.00859375 0.0152778
0 0.305859 0.619444 0.00859375 0.0111111
0 0.649609 0.799306 0.0117188 0.0152778
0 0.223438 0.663194 0.0078125 0.0125
0 0.807031 0.821528 0.0078125 0.0125
0 0.2125 0.971528 0.0078125 0.0125
0 0.296875 0.610417 0.0078125 0.0125
0 0.201562 0.784722 0.0078125 0.0111111
0 0.751172 0.148611 0.00859375 0.0138889
0 0.4 0.877778 0.009375 0.0138889
0 0.148828 0.0611111 0.00703125 0.0111111
0 0.380469 0.984722 0.0078125 0.0111111
0 0.823828 0.0569444 0.00703125 0.0111111
0 0.255859 0.406944 0.00859375 0.0111111
0 0.147656 0.361806 0.0078125 0.0125
0 0.773438 0.715972 0.009375 0.0125
0 0.385938 0.809028 0.009375 0.0125
0 0.201562 0.463194 0.0078125 0.0125
0 0.121875 0.407639 0.0078125 0.0125
0 0.216406 0.427778 0.0078125 0.0111111
0 0.0742188 0.406944 0.0078125 0.0138889
0 0.0125 0.680556 0.0078125 0.0138889
0 0.798437 0.888194 0.0109375 0.0152778
0 0.908594 0.0895833 0.0078125 0.0125
0 0.995313 0.229167 0.00625 0.0138889
0 0.285937 0.279861 0.009375 0.0125
0 0.332031 0.0381944 0.0078125 0.0125
0 0.7 0.140278 0.0078125 0.0111111
0 0.812891 0.492361 0.00859375 0.0152778
0 0.266406 0.570833 0.0078125 0.0111111
0 0.521484 0.370833 0.00859375 0.0111111
0 0.723437 0.101389 0.0078125 0.0111111
0 0.39375 0.630556 0.0078125 0.0138889
0 0.848828 0.706944 0.00859375 0.0138889
0 0.798437 0.353472 0.009375 0.0152778
0 0.406641 0.845139 0.00859375 0.0125
0 0.535937 0.311806 0.0078125 0.0125
0 0.646094 0.173611 0.0078125 0.0111111
0 0.933594 0.579861 0.0078125 0.0152778
0 0.726172 0.265972 0.00859375 0.0125
0 0.103906 0.806944 0.0078125 0.0111111
0 0.391797 0.335417 0.00859375 0.0125
0 0.903125 0.934028 0.0078125 0.0125
0 0.864062 0.814583 0.0078125 0.0125
0 0.598047 0.854167 0.00703125 0.0111111
0 0.712891 0.442361 0.00859375 0.0125
0 0.360938 0.229861 0.0078125 0.0125
0 0.99375 0.317361 0.0078125 0.0125
0 0.682813 0.102083 0.0078125 0.0125
0 0.778125 0.129861 0.0078125 0.0125
0 0.766016 0.779167 0.00859375 0.0138889
0 0.878125 0.767361 0.0078125 0.0125
0 0.963281 0.179861 0.0078125 0.0125
0 0.973047 0.397917 0.00859375 0.0152778
0 0.658594 0.227083 0.0078125 0.0125
0 0.909375 0.395833 0.0078125 0.0138889
0 0.795313 0.470833 0.009375 0.0138889
0 0.916406 0.685417 0.0078125 0.0125
0 0.924219 0.625694 0.0078125 0.0125
0 0.934766 0.700694 0.00859375 0.0125
0 0.760156 0.6625 0.009375 0.0138889
0 0.616406 0.107639 0.0078125 0.0125
0 0.744922 0.797222 0.00859375 0.0138889
0 0.588281 0.252083 0.0078125 0.0125
0 0.738672 0.641667 0.00859375 0.0138889
0 0.839844 0.797917 0.0078125 0.0125
0 0.708594 0.352083 0.0078125 0.0125
0 0.565234 0.402778 0.00859375 0.0138889
0 0.483594 0.661806 0.0078125 0.0125
0 0.501172 0.452083 0.00859375 0.0125
0 0.449219 0.349306 0.0078125 0.0125
0 0.963672 0.719444 0.00859375 0.0138889
