0 0.639453 0.530556 0.00859375 0.0138889
0 0.413672 0.426389 0.00859375 0.0138889
0 0.986328 0.858333 0.00859375 0.0138889
0 0.870313 0.796528 0.0078125 0.0125
0 0.988672 0.0319444 0.00859375 0.0166667
0 0.0367187 0.34375 0.0078125 0.0125
0 0.111719 0.591667 0.0078125 0.0111111
0 0.220313 0.879167 0.0078125 0.0111111
0 0.945703 0.738194 0.00859375 0.0125
0 0.825781 0.636111 0.009375 0.0138889
0 0.316797 0.588194 0.00859375 0.0125
0 0.100781 0.738194 0.0078125 0.0125
0 0.437891 0.338194 0.00859375 0.0125
0 0.226172 0.470833 0.00703125 0.0111111
0 0.202734 0.495139 0.00703125 0.00972222
0 0.59375 0.138889 0.0078125 0.0111111
0 0.272266 0.447917 0.00703125 0.0125
0 0.282813 0.0444444 0.0078125 0.0111111
0 0.219922 0.223611 0.00859375 0.0111111
0 0.267578 0.6125 0.00703125 0.0111111
0 0.937891 0.0895833 0.00859375 0.0125
0 0.939453 0.394444 0.00859375 0.0138889
0 0.233594 0.668056 0.0078125 0.0111111
0 0.412109 0.625 0.00859375 0.0111111
0 0.222656 0.250694 0.0078125 0.0125
0 0.274609 0.492361 0.00703125 0.0125
0 0.244531 0.193056 0.0078125 0.0111111
0 0.512109 0.115972 0.00859375 0.0125
0 0.449219 0.184722 0.0078125 0.0111111
0 0.552734 0.0270833 0.00859375 0.0125
0 0.714844 0.813194 0.0078125 0.0125
0 0.527344 0.328472 0.009375 0.0125
0 0.516406 0.925694 0.0078125 0.0125
0 0.775 0.39375 0.0078125 0.0125
0 0.579687 0.696528 0.0078125 0.0125
0 0.433594 0.161806 0.0078125 0.0125
0 0.483594 0.249306 0.0078125 0.0125
0 0.217187 0.502778 0.0078125 0.0111111
0 0.289062 0.219444 0.0078125 0.0111111
0 0.266406 0.313889 0.0078125 0.0111111
0 0.334375 0.611111 0.0078125 0.0111111
0 0.699219 0.791667 0.0078125 0.0111111
0 0.366406 0.36875 0.0078125 0.0125
0 0.732422 0.840972 0.00859375 0.0125
0 0.120703 0.761806 0.00859375 0.0125
0 0.357812 0.520139 0.0078125 0.0125
0 0.311328 0.275 0.00859375 0.0111111
0 0.375781 0.697222 0.0078125 0.0111111
0 0.833203 0.665278 0.00859375 0.0138889
0 0.601172 0.959722 0.00703125 0.0138889
0 0.441797 0.83125 0.00703125 0.0125
0 0.445312 0.486806 0.0078125 0.0125
0 0.701953 0.259028 0.00859375 0.0125
0 0.772266 0.249306 0.00859375 0.0125
0 0.825781 0.586806 0.009375 0.0125
0 0.910156 0.263889 0.009375 0.0138889
0 0.844922 0.316667 0.00859375 0.0138889
0 0.524219 0.503472 0.0078125 0.0125
0 0.707812 0.484028 0.0078125 0.0125
0 0.662109 0.65 0.00859375 0.0138889
0 0.665234 0.375694 0.00859375 0.0125
0 0.821875 0.405556 0.009375 0.0138889
0 0.477734 0.829861 0.00859375 0.0125
0 0.776953 0.517361 0.00859375 0.0125
0 0.7375 0.947917 0.0078125 0.0125
