0 0.345313 0.975 0.00625 0.0111111
0 0.132031 0.108333 0.0078125 0.0111111
0 0.123438 0.240972 0.0078125 0.0125
0 0.603906 0.169444 0.0078125 0.0138889
0 0.503516 0.990972 0.00703125 0.00972222
0 0.310156 0.7125 0.00625 0.0111111
0 0.859766 0.670833 0.00859375 0.0166667
0 0.702344 0.200694 0.0078125 0.0152778
0 0.580078 0.621528 0.00859375 0.0125
0 0.332031 0.122917 0.0078125 0.0125
0 0.228516 0.295833 0.00703125 0.0111111
0 0.0828125 0.395833 0.0078125 0.0111111
0 0.192969 0.547917 0.0078125 0.0125
0 0.220313 0.718056 0.0078125 0.0111111
0 0.566406 0.699306 0.0078125 0.0125
0 0.828516 0.182639 0.00859375 0.0125
0 0.646484 0.0708333 0.00859375 0.0138889
0 0.725391 0.456944 0.00859375 0.0111111
0 0.332812 0.0791667 0.0078125 0.0111111
0 0.688672 0.180556 0.00859375 0.0138889
0 0.395312 0.0347222 0.0078125 0.0111111
0 0.182031 0.180556 0.0078125 0.0111111
0 0.328516 0.7875 0.00703125 0.0111111
0 0.312891 0.178472 0.00859375 0.0125
0 0.884375 0.23125 0.009375 0.0180556
0 0.297266 0.0270833 0.00859375 0.0125
0 0.679297 0.746528 0.00859375 0.0125
0 0.364844 0.0458333 0.0078125 0.0111111
0 0.437109 0.548611 0.00703125 0.0111111
0 0.294531 0.611111 0.0078125 0.0111111
0 0.442187 0.128472 0.0078125 0.0125
0 0.417969 0.242361 0.0078125 0.0125
0 0.325781 0.650694 0.0078125 0.00972222
0 0.869531 0.157639 0.009375 0.0125
0 0.229687 0.130556 0.0078125 0.0111111
0 0.555859 0.502778 0.00859375 0.0111111
0 0.529297 0.858333 0.00703125 0.0111111
0 0.744531 0.458333 0.0078125 0.0111111
0 0.346875 0.360417 0.0078125 0.0125
0 0.6875 0.700694 0.009375 0.0125
0 0.546875 0.169444 0.0078125 0.0138889
0 0.510938 0.681944 0.0078125 0.0111111
0 0.332812 0.859722 0.0078125 0.0111111
0 0.855859 0.333333 0.00859375 0.0138889
0 0.887109 0.544444 0.00859375 0.0138889
0 0.863672 0.83125 0.00859375 0.0125
0 0.790625 0.844444 0.009375 0.0111111
0 0.901953 0.380556 0.00859375 0.0138889
0 0.769141 0.48125 0.00859375 0.0125
0 0.471875 0.83125 0.0078125 0.0125
0 0.3625 0.470833 0.0078125 0.0111111
0 0.404297 0.856944 0.00703125 0.0111111
0 0.816797 0.236806 0.00859375 0.0125
0 0.253516 0.295833 0.00703125 0.0111111
0 0.519531 0.269444 0.009375 0.0138889
0 0.651172 0.488194 0.00859375 0.0152778
0 0.473437 0.657639 0.0078125 0.0125
0 0.302344 0.540278 0.0078125 0.0111111
0 0.494531 0.274306 0.0078125 0.0125
0 0.835156 0.444444 0.009375 0.0166667
0 0.458984 0.364583 0.00859375 0.0125
0 0.911719 0.347917 0.009375 0.0125
0 0.913281 0.709028 0.009375 0.0125
0 0.720312 0.822917 0.009375 0.0152778
0 0.488672 0.493056 0.00859375 0.0138889
0 0.349219 0.306944 0.0078125 0.0111111
0 0.489844 0.177083 0.0078125 0.0125
0 0.666016 0.686806 0.00859375 0.0125
0 0.753906 0.691667 0.0078125 0.0111111
0 0.648047 0.266667 0.00859375 0.0138889
0 0.498437 0.907639 0.0078125 0.0125
0 0.821484 0.292361 0.00859375 0.0152778
0 0.546484 0.230556 0.00859375 0.0138889
0 0.858203 0.7125 0.00859375 0.0138889
0 0.820703 0.91875 0.00859375 0.0152778
