0 0.514453 0.0708333 0.00859375 0.0111111
0 0.0765625 0.06875 0.0078125 0.0125
0 0.195703 0.116667 0.00703125 0.0111111
0 0.0953125 0.578472 0.0078125 0.0125
0 0.617578 0.517361 0.00859375 0.0125
0 0.0792969 0.0722222 0.00703125 0.0111111
0 0.777344 0.658333 0.0078125 0.0111111
0 0.0652344 0.484722 0.00859375 0.0111111
0 0.357812 0.0208333 0.00625 0.0111111
0 0.997266 0.435417 0.00546875 0.0152778
0 0.0242187 0.41875 0.0078125 0.0125
0 0.413281 0.344444 0.009375 0.0138889
0 0.845312 0.0277778 0.0078125 0.0138889
0 0.194922 0.124306 0.00859375 0.0152778
0 0.11875 0.440278 0.0078125 0.0111111
0 0.329297 0.517361 0.00703125 0.0125
0 0.282031 0.23125 0.0078125 0.0125
0 0.991406 0.190972 0.0078125 0.0125
0 0.176953 0.00486111 0.00703125 0.00972222
0 0.230469 0.634722 0.0078125 0.0111111
0 0.876953 0.00555556 0.00859375 0.0111111
0 0.166016 0.156944 0.00703125 0.0111111
0 0.577734 0.759028 0.00859375 0.0125
0 0.997266 0.654861 0.00546875 0.0180556
0 0.930469 0.563194 0.009375 0.0125
0 0.210938 0.548611 0.0078125 0.0111111
0 0.347656 0.0701389 0.0078125 0.0125
0 0.211719 0.570833 0.0078125 0.0111111
0 0.148438 0.0652778 0.0078125 0.0111111
0 0.670703 0.0326389 0.00703125 0.0125
0 0.163672 0.182639 0.00703125 0.0125
0 0.16875 0.245833 0.0078125 0.0111111
0 0.337891 0.53125 0.00859375 0.0125
0 0.200781 0.706944 0.0078125 0.0111111
0 0.817969 0.194444 0.0078125 0.0111111
0 0.485156 0.410417 0.009375 0.0125
0 0.763281 0.66875 0.0078125 0.0125
0 0.648438 0.941667 0.009375 0.0138889
0 0.642187 0.110417 0.0078125 0.0125
0 0.119531 0.252083 0.009375 0.0152778
0 0.907812 0.397917 0.009375 0.0125
0 0.748047 0.214583 0.00859375 0.0125
0 0.731641 0.860417 0.00859375 0.0125
0 0.453906 0.0645833 0.0078125 0.0125
0 0.679688 0.286111 0.0078125 0.0111111
0 0.76875 0.290972 0.0078125 0.0125
0 0.39375 0.505556 0.0078125 0.0111111
0 0.687891 0.720139 0.00859375 0.0125
0 0.248437 0.170833 0.0078125 0.0111111
0 0.591016 0.558333 0.00859375 0.0111111
0 0.284375 0.552083 0.0078125 0.0125
0 0.709766 0.508333 0.0101562 0.0166667
0 0.271875 0.675694 0.0078125 0.0125
0 0.578125 0.138889 0.0078125 0.0111111
0 0.743359 0.938194 0.00859375 0.0125
0 0.876172 0.677778 0.00859375 0.0138889
0 0.31875 0.361806 0.0078125 0.0125
0 0.654297 0.685417 0.00859375 0.0125
0 0.753125 0.542361 0.0078125 0.0125
0 0.501562 0.861806 0.0078125 0.0125
0 0.253516 0.699306 0.00859375 0.0125
0 0.501953 0.484722 0.00859375 0.0111111
0 0.335547 0.795139 0.00859375 0.0125
0 0.963281 0.826389 0.009375 0.0138889
0 0.666406 0.442361 0.0078125 0.0125
0 0.660547 0.872917 0.00859375 0.0125
0 0.907422 0.295139 0.00859375 0.0125
0 0.836719 0.550694 0.0078125 0.0125
0 0.79375 0.660417 0.0078125 0.0125
0 0.837109 0.377778 0.00859375 0.0138889
0 0.433594 0.820139 0.0078125 0.0125
0 0.825781 0.602778 0.0078125 0.0111111
